STT	Vĩ độ	Kinh độ	Đã thi công
1	21.032157	105.06701	x
2	21.032158	105.067025	x
3	21.032159	105.067039	x
4	21.032161	105.067053	x
5	21.032162	105.067068	x
6	21.032163	105.067082	x
7	21.032165	105.067096	x
8	21.032166	105.067111	x
9	21.032168	105.067125	x
10	21.032169	105.067139	x
11	21.03217	105.067154	x
12	21.032172	105.067168	x
13	21.032173	105.067183	x
14	21.032174	105.067197	x
15	21.032176	105.067211	x
16	21.032177	105.067226	x
17	21.032179	105.06724	x
18	21.03218	105.067254	x
19	21.032181	105.067269	x
20	21.032183	105.067283	x
21	21.032184	105.067297	x
22	21.032185	105.067312	x
23	21.032187	105.067326	x
24	21.032188	105.06734	x
25	21.03219	105.067355	x
26	21.032191	105.067369	x
27	21.032192	105.067384	x
28	21.032194	105.067398	x
29	21.032195	105.067412	x
30	21.032196	105.067427	x
31	21.032198	105.067441	x
32	21.032199	105.067455	x
33	21.032201	105.06747	x
34	21.032202	105.067484	x
35	21.032203	105.067498	x
36	21.032205	105.067513	x
37	21.032206	105.067527	x
38	21.032207	105.067541	x
39	21.032209	105.067556	x
40	21.03221	105.06757	x
41	21.032212	105.067585	x
42	21.032213	105.067599	x
43	21.032214	105.067613	x
44	21.032216	105.067628	x
45	21.032217	105.067642	x
46	21.032218	105.067656	x
47	21.03222	105.067671	x
48	21.032221	105.067685	x
49	21.032223	105.067699	x
50	21.032224	105.067714	x
51	21.032225	105.067728	x
52	21.032227	105.067742	x
53	21.032228	105.067757	x
54	21.032229	105.067771	x
55	21.032231	105.067786	x
56	21.032232	105.0678	x
57	21.032234	105.067814	x
58	21.032235	105.067829	x
59	21.032236	105.067843	x
60	21.032238	105.067857	x
61	21.032239	105.067872	x
62	21.03224	105.067886	x
63	21.032242	105.0679	x
64	21.032243	105.067915	x
65	21.032245	105.067929	x
66	21.032246	105.067943	x
67	21.032247	105.067958	x
68	21.032249	105.067972	x
69	21.03225	105.067987	x
70	21.032252	105.068001	x
71	21.032253	105.068015	x
72	21.032254	105.06803	x
73	21.032256	105.068044	x
74	21.032257	105.068058	x
75	21.032259	105.068073	x
76	21.03226	105.068087	x
77	21.032261	105.068101	x
78	21.032263	105.068116	x
79	21.032264	105.06813	x
80	21.032266	105.068144	x
81	21.032267	105.068159	x
82	21.032268	105.068173	x
83	21.03227	105.068187	x
84	21.032271	105.068202	x
85	21.032273	105.068216	x
86	21.032274	105.06823	x
87	21.032276	105.068245	x
88	21.032277	105.068259	x
89	21.032278	105.068273	x
90	21.03228	105.068288	x
91	21.032281	105.068302	x
92	21.032283	105.068316	x
93	21.032284	105.068331	x
94	21.032286	105.068345	x
95	21.032287	105.068359	x
96	21.032289	105.068374	x
97	21.03229	105.068388	x
98	21.032292	105.068402	x
99	21.032293	105.068417	x
100	21.032295	105.068431	x
101	21.032297	105.068445	x
102	21.032298	105.06846	x
103	21.0323	105.068474	x
104	21.032301	105.068488	x
105	21.032303	105.068503	x
106	21.032304	105.068517	x
107	21.032306	105.068531	x
108	21.032308	105.068546	x
109	21.032309	105.06856	x
110	21.032311	105.068574	x
111	21.032312	105.068588	x
112	21.032314	105.068603	x
113	21.032316	105.068617	x
114	21.032317	105.068631	x
115	21.032319	105.068646	x
116	21.032321	105.06866	x
117	21.032322	105.068674	x
118	21.032324	105.068689	x
119	21.032326	105.068703	x
120	21.032328	105.068717	x
121	21.032329	105.068731	x
122	21.032331	105.068746	x
123	21.032333	105.06876	x
124	21.032335	105.068774	x
125	21.032336	105.068789	x
126	21.032338	105.068803	x
127	21.03234	105.068817	x
128	21.032342	105.068831	x
129	21.032344	105.068846	x
130	21.032345	105.06886	x
131	21.032347	105.068874	x
132	21.032349	105.068889	x
133	21.032351	105.068903	x
134	21.032353	105.068917	x
135	21.032355	105.068931	x
136	21.032357	105.068946	x
137	21.032358	105.06896	x
138	21.03236	105.068974	x
139	21.032362	105.068989	x
140	21.032364	105.069003	x
141	21.032366	105.069017	x
142	21.032368	105.069031	x
143	21.03237	105.069046	x
144	21.032372	105.06906	x
145	21.032374	105.069074	x
146	21.032376	105.069088	x
147	21.032378	105.069103	x
148	21.03238	105.069117	x
149	21.032381	105.069131	x
150	21.032383	105.069146	x
151	21.032385	105.06916	x
152	21.032387	105.069174	x
153	21.032389	105.069188	x
154	21.032391	105.069203	x
155	21.032393	105.069217	x
156	21.032395	105.069231	x
157	21.032397	105.069245	x
158	21.032399	105.06926	x
159	21.032401	105.069274	x
160	21.032403	105.069288	x
161	21.032405	105.069302	x
162	21.032407	105.069317	x
163	21.032409	105.069331	x
164	21.032411	105.069345	x
165	21.032413	105.06936	x
166	21.032415	105.069374	x
167	21.032417	105.069388	x
168	21.032419	105.069402	x
169	21.032421	105.069417	x
170	21.032423	105.069431	x
171	21.032425	105.069445	x
172	21.032427	105.069459	x
173	21.032429	105.069474	x
174	21.032431	105.069488	x
175	21.032433	105.069502	x
176	21.032435	105.069517	x
177	21.032437	105.069531	x
178	21.032439	105.069545	x
179	21.032441	105.069559	x
180	21.032443	105.069574	x
181	21.032445	105.069588	x
182	21.032447	105.069602	x
183	21.032449	105.069616	x
184	21.032451	105.069631	x
185	21.032453	105.069645	x
186	21.032455	105.069659	x
187	21.032457	105.069674	x
188	21.032459	105.069688	x
189	21.032462	105.069702	x
190	21.032464	105.069716	x
191	21.032466	105.069731	x
192	21.032468	105.069745	x
193	21.03247	105.069759	x
194	21.032472	105.069773	x
195	21.032474	105.069788	x
196	21.032476	105.069802	x
197	21.032478	105.069816	x
198	21.03248	105.069831	x
199	21.032482	105.069845	x
200	21.032484	105.069859	x
201	21.032486	105.069873	x
202	21.032488	105.069888	x
203	21.03249	105.069902	x
204	21.032492	105.069916	x
205	21.032494	105.06993	x
206	21.032496	105.069945	x
207	21.032498	105.069959	x
208	21.0325	105.069973	x
209	21.032502	105.069988	x
210	21.032504	105.070002	x
211	21.032506	105.070016	x
212	21.032508	105.07003	x
213	21.03251	105.070045	x
214	21.032512	105.070059	x
215	21.032514	105.070073	x
216	21.032516	105.070087	x
217	21.032518	105.070102	x
218	21.03252	105.070116	x
219	21.032522	105.07013	x
220	21.032524	105.070145	x
221	21.032526	105.070159	x
222	21.032528	105.070173	x
223	21.03253	105.070187	x
224	21.032532	105.070202	x
225	21.032534	105.070216	x
226	21.032536	105.07023	x
227	21.032538	105.070244	x
228	21.03254	105.070259	x
229	21.032542	105.070273	x
230	21.032544	105.070287	x
231	21.032546	105.070302	x
232	21.032548	105.070316	x
233	21.03255	105.07033	x
234	21.032552	105.070344	x
235	21.032554	105.070359	x
236	21.032556	105.070373	x
237	21.032558	105.070387	x
238	21.03256	105.070401	x
239	21.032562	105.070416	x
240	21.032564	105.07043	x
241	21.032566	105.070444	x
242	21.032568	105.070458	x
243	21.03257	105.070473	x
244	21.032572	105.070487	x
245	21.032574	105.070501	x
246	21.032576	105.070516	x
247	21.032578	105.07053	x
248	21.03258	105.070544	x
249	21.032582	105.070558	x
250	21.032584	105.070573	x
251	21.032586	105.070587	x
252	21.032588	105.070601	x
253	21.03259	105.070615	x
254	21.032592	105.07063	x
255	21.032594	105.070644	x
256	21.032596	105.070658	x
257	21.032598	105.070673	x
258	21.0326	105.070687	x
259	21.032602	105.070701	x
260	21.032604	105.070715	x
261	21.032606	105.07073	x
262	21.032608	105.070744	x
263	21.03261	105.070758	x
264	21.032612	105.070772	x
265	21.032614	105.070787	x
266	21.032616	105.070801	x
267	21.032618	105.070815	x
268	21.03262	105.07083	x
269	21.032622	105.070844	x
270	21.032624	105.070858	x
271	21.032626	105.070872	x
272	21.032628	105.070887	x
273	21.03263	105.070901	x
274	21.032632	105.070915	x
275	21.032634	105.070929	x
276	21.032636	105.070944	x
277	21.032639	105.070958	x
278	21.032641	105.070972	x
279	21.032643	105.070987	x
280	21.032645	105.071001	x
281	21.032647	105.071015	x
282	21.032649	105.071029	x
283	21.032651	105.071044	x
284	21.032653	105.071058	x
285	21.032655	105.071072	x
286	21.032657	105.071086	x
287	21.032659	105.071101	x
288	21.032661	105.071115	x
289	21.032663	105.071129	x
290	21.032665	105.071144	x
291	21.032667	105.071158	x
292	21.032669	105.071172	x
293	21.032671	105.071186	x
294	21.032673	105.071201	x
295	21.032675	105.071215	x
296	21.032677	105.071229	x
297	21.032679	105.071243	x
298	21.032681	105.071258	x
299	21.032683	105.071272	x
300	21.032685	105.071286	x
301	21.032687	105.071301	x
302	21.032689	105.071315	x
303	21.032691	105.071329	x
304	21.032693	105.071343	x
305	21.032695	105.071358	x
306	21.032697	105.071372	x
307	21.032699	105.071386	x
308	21.0327	105.071401	x
309	21.032702	105.071415	x
310	21.032704	105.071429	x
311	21.032706	105.071444	x
312	21.032708	105.071458	x
313	21.03271	105.071472	x
314	21.032712	105.071487	x
315	21.032713	105.071501	x
316	21.032715	105.071515	x
317	21.032717	105.07153	x
318	21.032719	105.071544	x
319	21.03272	105.071559	x
320	21.032722	105.071573	x
321	21.032724	105.071587	x
322	21.032725	105.071602	x
323	21.032727	105.071616	x
324	21.032728	105.07163	x
325	21.03273	105.071645	x
326	21.032731	105.071659	x
327	21.032733	105.071674	x
328	21.032734	105.071688	x
329	21.032736	105.071702	x
330	21.032737	105.071717	x
331	21.032739	105.071731	x
332	21.03274	105.071746	x
333	21.032741	105.07176	x
334	21.032743	105.071774	x
335	21.032744	105.071789	x
336	21.032745	105.071803	x
337	21.032746	105.071818	x
338	21.032747	105.071832	x
339	21.032749	105.071847	x
340	21.03275	105.071861	x
341	21.032751	105.071875	x
342	21.032752	105.07189	x
343	21.032753	105.071904	x
344	21.032754	105.071919	x
345	21.032755	105.071933	x
346	21.032756	105.071948	x
347	21.032757	105.071962	x
348	21.032758	105.071977	x
349	21.032759	105.071991	x
350	21.03276	105.072005	x
351	21.032761	105.07202	x
352	21.032762	105.072034	x
353	21.032763	105.072049	x
354	21.032763	105.072063	x
355	21.032764	105.072078	x
356	21.032765	105.072092	x
357	21.032766	105.072107	x
358	21.032766	105.072121	x
359	21.032767	105.072136	x
360	21.032768	105.07215	x
361	21.032768	105.072165	x
362	21.032768	105.072179	x
363	21.032769	105.072193	x
364	21.03277	105.072208	x
365	21.03277	105.072222	x
366	21.032771	105.072237	x
367	21.032771	105.072251	x
368	21.032772	105.072266	x
369	21.032772	105.07228	x
370	21.032773	105.072295	x
371	21.032773	105.072309	x
372	21.032773	105.072324	x
373	21.032774	105.072338	x
374	21.032774	105.072353	x
375	21.032774	105.072367	x
376	21.032774	105.072382	x
377	21.032774	105.072396	x
378	21.032775	105.072411	x
379	21.032775	105.072425	x
380	21.032775	105.07244	x
381	21.032775	105.072454	x
382	21.032775	105.072469	x
383	21.032775	105.072483	x
384	21.032775	105.072498	x
385	21.032775	105.072512	x
386	21.032775	105.072527	x
387	21.032775	105.072541	x
388	21.032775	105.072555	x
389	21.032775	105.07257	x
390	21.032775	105.072584	x
391	21.032775	105.072599	x
392	21.032775	105.072613	x
393	21.032775	105.072628	x
394	21.032774	105.072642	x
395	21.032774	105.072657	x
396	21.032774	105.072671	x
397	21.032774	105.072686	x
398	21.032773	105.0727	x
399	21.032773	105.072729	x
400	21.032772	105.072744	x
401	21.032772	105.072758	x
402	21.032771	105.072773	x
403	21.032771	105.072787	x
404	21.03277	105.072802	x
405	21.03277	105.072816	x
406	21.032769	105.072831	x
407	21.032769	105.072845	x
408	21.032768	105.07286	x
409	21.032767	105.072874	x
410	21.032767	105.072888	x
411	21.032766	105.072903	x
412	21.032765	105.072917	x
413	21.032765	105.072932	x
414	21.032764	105.072946	x
415	21.032763	105.072961	x
416	21.032762	105.072975	x
417	21.032761	105.07299	x
418	21.032761	105.073004	x
419	21.03276	105.073019	
420	21.032759	105.073033	
421	21.032758	105.073047	
422	21.032757	105.073062	
423	21.032756	105.073076	
424	21.032755	105.073091	
425	21.032754	105.073105	
426	21.032753	105.07312	
427	21.032752	105.073134	
428	21.032751	105.073149	
429	21.032749	105.073163	
430	21.032748	105.073177	
431	21.032747	105.073192	
432	21.032746	105.073206	
433	21.032745	105.073221	
434	21.032743	105.073235	
435	21.032742	105.07325	
436	21.032741	105.073264	
437	21.032739	105.073278	
438	21.032738	105.073293	
439	21.032737	105.073307	
440	21.032735	105.073322	
441	21.032734	105.073336	
442	21.032732	105.07335	
443	21.032731	105.073365	
444	21.032729	105.073379	
			
			
			
			
			
			
			
			
			
			
			
			
			
			
			
			
			
			
			
			
			
			
