Rings	Z	S (mm)	Smax (mm)
1	11	-9.78	-9.78
2	11		
3	11		
4	11		
5	11		
6	11		
7	11		
8	11		
9	11		
10	11		
11	11		
12	11		
13	11		
14	11		
15	11	-63.26	-63.26
16	11		
17	11		
18	11		
19	11		
20	11		
21	11		
22	11		
23	12	-80.2	-80.2
24	12		
25	12		
26	12		
27	12		
28	12		
29	12		
30	12	-63.3	-63.3
31	12		
32	12		
33	12		
34	12		
35	12		
36	12	-45	-45
37	12		
38	12		
39	12		
40	12		
41	12		
42	12	-36.6	-36.6
43	12		
44	12		
45	12		
46	12		
47	12		
48	12		
49	12		
50	12	-36.8	-36.8
51	12		
52	12		
53	12		
54	12		
55	12		
56	12	-40.6	-40.6
57	12		
58	12		
59	12		
60	12		
61	12		
62	12		
63	13		
64	13		
65	13		
66	13		
67	13		
68	13		
69	13	-32	-32
70	13		
71	13		
72	13		
73	13		
74	13		
75	13		
76	13		
77	13		
78	13		
79	13		
80	13		
81	13		
82	13		
83	13	-14.8	-30.85
84	13		
85	13		
86	13		
87	13		
88	13		
89	14		
90	14		
91	14		
92	14		
93	14		
94	14		
95	14		
96	14		
97	14		
98	14		
99	14		
100	14		
101	14		
102	14		
103	14	-31	-38.84
104	14		
105	14		
106	14		
107	14		
108	14		
109	14		
110	14		
111	14		
112	14		
113	14		
114	14		
115	14	-34	-43
116	15		
117	15		
118	15		
119	15		
120	15		
121	15		
122	15		
123	15		
124	15		
125	15		
126	15		
127	15		
128	15		
129	15		
130	15		
131	15		
132	15		
133	15		
134	15		
135	15		
136	15	-34	-34.26
137	15		
138	15		
139	15		
140	15		
141	15		
142	15		
143	16		
144	16		
145	16		
146	16		
147	16		
148	16		
149	16	-22	-28.03
150	16		
151	16		
152	16		
153	16		
154	16		
155	16		
156	16		
157	16		
158	16		
159	16		
160	16		
161	16		
162	16		
163	16		
164	16		
165	16		
166	16		
167	16		
168	16		
169	17		
170	17	-24	-28.31
171	17		
172	17		
173	17		
174	17		
175	17		
176	17		
177	17		
178	17		
179	17		
180	17		
181	17		
182	17		
183	17		
184	17		
185	17	-25	-31.34
186	17		
187	17		
188	17		
189	17		
190	17		
191	17		
192	17		
193	17		
194	17		
195	18		
196	18		
197	18		
198	18		
199	18		
200	18		
201	18		
202	18	-31.2	-36.43
203	18		
204	18		
205	18		
206	18		
207	18		
208	18		
209	18		
210	18		
211	18		
212	18		
213	18		
214	18		
215	18		
216	18		
217	18		
218	18		
219	18		
220	18	-22	-27.13
221	18		
222	18		
223	18		
224	18		
225	19		
226	19		
227	19		
228	19		
229	19		
230	19		
231	19		
232	19		
233	19		
234	19		
235	19	-20	-22.6
236	19		
237	19		
238	19		
239	19		
240	19		
241	19		
242	19		
243	19		
244	20		
245	20		
246	20		
247	20		
248	20		
249	20		
250	20		
251	20		
252	20	-15.6	-24.59
253	20		
254	20		
255	20		
256	20		
257	20		
258	20		
259	20		
260	20		
261	20		
262	20		
263	21		
264	21		
265	21		
266	21		
267	21		
268	21		
269	21	-20.5	-28.69
270	21		
271	21		
272	21		
273	21		
274	21		
275	21		
276	21		
277	21		
278	21		
279	21		
280	21		
281	21		
282	21		
283	21		
284	21		
285	21	-17.35	-25.07
286	21		
287	21		
288	22		
289	22		
290	22		
291	22		
292	22		
293	22		
294	22		
295	22		
296	22		
297	22		
298	22		
299	22		
300	22		
301	22		
302	22	-23	-30.97
303	22		
304	22		
305	22		
306	22		
307	22		
308	22		
309	22		
310	22		
311	22		
312	22		
313	23		
314	23		
315	23		
316	23	-16	-22.24
317	23		
318	23		
319	23		
320	23		
321	23		
322	23		
323	23		
324	23		
325	23		
326	23		
327	23		
328	23		
329	23		
330	23		
331	23		
332	23		
333	23		
334	23		
335	23		
336	23	-16.7	-19.81
337	23		
338	24		
339	24		
340	24		
341	24		
342	24		
343	24		
344	24		
345	24		
346	24		
347	24		
348	24		
349	24		
350	24	-12	-13.42
351	24		
352	24		
353	24		
354	24		
355	24		
356	24		
357	24		
358	24		
359	24		
360	24		
361	24		
362	24		
363	24		
364	25		
365	25		
366	25		
367	25		
368	25		
369	25		
370	25	-12	-12
371	25		
372	25		
373	25		
374	25		
375	25		
376	25		
377	25		
378	25		
379	25		
380	25		
381	25		
382	25		
383	25		
384	25		
385	25		
386	25		
387	25		
388	25		
389	26		
390	26		
1	11.1	-9.78	-9.78
2	11.1		
3	11.1		
4	11.1		
5	11.1		
6	11.1		
7	11.1		
8	11.1		
9	11.1		
10	11.1		
11	11.1		
12	11.1		
13	11.1		
14	11.1		
15	11.1	-63.26	-63.26
16	11.1		
17	11.1		
18	11.1		
19	11.1		
20	11.1		
21	11.1		
22	11.1		
23	11.5	-80.2	-80.2
24	11.5		
25	11.5		
26	11.5		
27	11.5		
28	11.5		
29	11.5		
30	11.5	-63.3	-63.3
31	11.5		
32	11.5		
33	11.5		
34	11.5		
35	11.5		
36	11.5	-45	-45
37	11.9		
38	11.9		
39	11.9		
40	11.9		
41	11.9		
42	11.9	-36.6	-36.6
43	11.9		
44	11.9		
45	11.9		
46	11.9		
47	11.9		
48	11.9		
49	11.9		
50	12.3	-36.8	-36.8
51	12.3		
52	12.3		
53	12.3		
54	12.3		
55	12.3		
56	12.3	-40.6	-40.6
57	12.3		
58	12.3		
59	12.3		
60	12.3		
61	12.3		
62	12.3		
63	12.7		
64	12.7		
65	12.7		
66	12.7		
67	12.7		
68	12.7		
69	12.7	-32	-32
70	12.7		
71	12.7		
72	12.7		
73	12.7		
74	12.7		
75	12.7		
76	13.2		
77	13.2		
78	13.2		
79	13.2		
80	13.2		
81	13.2		
82	13.2		
83	13.2	-14.8	-30.85
84	13.2		
85	13.2		
86	13.2		
87	13.2		
88	13.2		
89	13.7		
90	13.7		
91	13.7		
92	13.7		
93	13.7		
94	13.7		
95	13.7		
96	13.7		
97	13.7		
98	13.7		
99	13.7		
100	13.7		
101	13.7		
102	13.7		
103	14.3	-31	-38.84
104	14.3		
105	14.3		
106	14.3		
107	14.3		
108	14.3		
109	14.3		
110	14.3		
111	14.3		
112	14.3		
113	14.3		
114	14.3		
115	14.3	-34	-43
116	14.8		
117	14.8		
118	14.8		
119	14.8		
120	14.8		
121	14.8		
122	14.8		
123	14.8		
124	14.8		
125	14.8		
126	14.8		
127	14.8		
128	14.8		
129	15.3		
130	15.3		
131	15.3		
132	15.3		
133	15.3		
134	15.3		
135	15.3		
136	15.3	-34	-34.26
137	15.3		
138	15.3		
139	15.3		
140	15.3		
141	15.3		
142	15.3		
143	15.8		
144	15.8		
145	15.8		
146	15.8		
147	15.8		
148	15.8		
149	15.8	-22	-28.03
150	15.8		
151	15.8		
152	15.8		
153	15.8		
154	15.8		
155	15.8		
156	16.3		
157	16.3		
158	16.3		
159	16.3		
160	16.3		
161	16.3		
162	16.3		
163	16.3		
164	16.3		
165	16.3		
166	16.3		
167	16.3		
168	16.3		
169	16.7		
170	16.7	-24	-28.31
171	16.7		
172	16.7		
173	16.7		
174	16.7		
175	16.7		
176	16.7		
177	16.7		
178	16.7		
179	16.7		
180	16.7		
181	16.7		
182	17.1		
183	17.1		
184	17.1		
185	17.1	-25	-31.34
186	17.1		
187	17.1		
188	17.1		
189	17.1		
190	17.1		
191	17.1		
192	17.1		
193	17.1		
194	17.1		
195	17.6		
196	17.6		
197	17.6		
198	17.6		
199	17.6		
200	17.6		
201	17.6		
202	17.6	-31.2	-36.43
203	17.6		
204	17.6		
205	17.6		
206	17.6		
207	17.6		
208	17.6		
209	17.7		
210	17.7		
211	17.8		
212	17.8		
213	17.9		
214	17.9		
215	18.0		
216	18.0		
217	18.1		
218	18.1		
219	18.2		
220	18.2	-22	-27.13
221	18.3		
222	18.3		
223	18.4		
224	18.4		
225	18.5		
226	18.5		
227	18.6		
228	18.7		
229	18.7		
230	18.8		
231	18.8		
232	18.9		
233	18.9		
234	19.0		
235	19.0	-20	-22.6
236	19.1		
237	19.1		
238	19.2		
239	19.2		
240	19.3		
241	19.3		
242	19.4		
243	19.4		
244	19.5		
245	19.6		
246	19.6		
247	19.7		
248	19.7		
249	19.8		
250	19.8		
251	19.9		
252	19.9	-15.6	-24.59
253	20.0		
254	20.0		
255	20.1		
256	20.1		
257	20.2		
258	20.2		
259	20.3		
260	20.3		
261	20.4		
262	20.4		
263	20.5		
264	20.5		
265	20.6		
266	20.6		
267	20.7		
268	20.7		
269	20.7	-20.5	-28.69
270	20.8		
271	20.8		
272	20.9		
273	20.9		
274	20.9		
275	21.0		
276	21.0		
277	21.1		
278	21.1		
279	21.1		
280	21.2		
281	21.2		
282	21.2		
283	21.3		
284	21.3		
285	21.4	-17.35	-25.07
286	21.4		
287	21.4		
288	21.5		
289	21.5		
290	21.6		
291	21.6		
292	21.6		
293	21.7		
294	21.7		
295	21.8		
296	21.8		
297	21.8		
298	21.9		
299	21.9		
300	22.0		
301	22.0		
302	22.0	-23	-30.97
303	22.1		
304	22.1		
305	22.2		
306	22.2		
307	22.2		
308	22.3		
309	22.3		
310	22.4		
311	22.4		
312	22.4		
313	22.5		
314	22.5		
315	22.5		
316	22.6	-16	-22.24
317	22.6		
318	22.7		
319	22.7		
320	22.7		
321	22.8		
322	22.8		
323	22.9		
324	22.9		
325	22.9		
326	23.0		
327	23.0		
328	23.1		
329	23.1		
330	23.1		
331	23.2		
332	23.2		
333	23.3		
334	23.3		
335	23.3		
336	23.4	-16.7	-19.81
337	23.4		
338	23.5		
339	23.5		
340	23.5		
341	23.6		
342	23.6		
343	23.6		
344	23.7		
345	23.7		
346	23.8		
347	23.8		
348	23.8		
349	23.9		
350	23.9	-12	-13.42
351	24.0		
352	24.0		
353	24.0		
354	24.1		
355	24.1		
356	24.2		
357	24.2		
358	24.2		
359	24.3		
360	24.3		
361	24.4		
362	24.4		
363	24.4		
364	24.5		
365	24.5		
366	24.6		
367	24.6		
368	24.6		
369	24.7		
370	24.7	-12	-12
371	24.8		
372	24.8		
373	24.8		
374	24.9		
375	24.9		
376	24.9		
377	25.0		
378	25.0		
379	25.1		
380	25.1		
381	25.1		
382	25.2		
383	25.2		
384	25.3		
385	25.3		
386	25.3		
387	25.4		
388	25.4		
389	25.5		
390	25.5
