Rings	Z	S (mm)	Smax (mm)
1	11	-9.78	-9.78
15	11	-63.26	-63.26
23	12	-80.2	-80.2
30	12	-63.3	-63.3
36	12	-45	-45
42	12	-36.6	-36.6
50	12	-36.8	-36.8
56	12	-40.6	-40.6
69	13	-32	-32
83	13	-14.8	-30.85
103	14	-31	-38.84
115	14	-34	-43
136	15	-34	-34.26
149	16	-22	-28.03
170	17	-24	-28.31
185	17	-25	-31.34
202	18	-31.2	-36.43
220	18	-22	-27.13
235	19	-20	-22.6
252	20	-15.6	-24.59
269	21	-20.5	-28.69
285	21	-17.35	-25.07
302	22	-23	-30.97
316	23	-16	-22.24
336	23	-16.7	-19.81
350	24	-12	-13.42
370	25	-12	-10
