105.069529,21.031765
105.069052,21.031827
105.069529,21.031765
105.069536,21.031764
105.069543,21.031763
105.069551,21.031762
105.069558,21.031761
105.069566,21.03176
105.069573,21.031759
105.06958,21.031758
105.069588,21.031757
105.069595,21.031756
105.069603,21.031755
105.06961,21.031754
105.069617,21.031753
105.069625,21.031753
105.069632,21.031752
105.06964,21.031751
105.069647,21.03175
105.069654,21.031749
105.069662,21.031748
105.069669,21.031748
105.069677,21.031747
105.069684,21.031746
105.069691,21.031745
105.069699,21.031744
105.069706,21.031744
105.069714,21.031743
105.069721,21.031742
105.069728,21.031741
105.069736,21.031741
105.069743,21.03174
105.069751,21.031739
105.069758,21.031738
105.069766,21.031738
105.069773,21.031737
105.06978,21.031736
105.069788,21.031736
105.069795,21.031735
105.069803,21.031734
105.06981,21.031734
105.069817,21.031733
105.069825,21.031732
105.069832,21.031732
105.06984,21.031731
105.069847,21.031731
105.069854,21.03173
105.069862,21.031729
105.069869,21.031729
105.069877,21.031728
105.07059,21.031673
105.070598,21.031672
105.070607,21.031672
105.070615,21.031671
105.070623,21.03167
105.070632,21.03167
105.07064,21.031669
105.070649,21.031669
105.070657,21.031668
105.070665,21.031668
105.070674,21.031667
105.070682,21.031667
105.07069,21.031666
105.070699,21.031666
105.070707,21.031665
105.070716,21.031665
105.070724,21.031664
105.070732,21.031664
105.070741,21.031663
105.070749,21.031663
105.070757,21.031663
105.070766,21.031662
105.070774,21.031662
105.070783,21.031662
105.070791,21.031661
105.070799,21.031661
105.070808,21.031661
105.070816,21.03166
105.070824,21.03166
105.070833,21.03166
105.070841,21.03166
105.07085,21.031659
105.070858,21.031659
105.070866,21.031659
105.070875,21.031659
105.070883,21.031659
105.070891,21.031658
105.0709,21.031658
105.070908,21.031658
105.070917,21.031658
105.070925,21.031658
105.070933,21.031658
105.070942,21.031658
105.07095,21.031658
105.070958,21.031658
105.070967,21.031658
105.070975,21.031658
105.070984,21.031658
105.072517,21.031657
105.07253,21.031657
105.072544,21.031657
105.072557,21.031657
105.07257,21.031657
105.072583,21.031657
105.072596,21.031656
105.072609,21.031656
105.072623,21.031656
105.072636,21.031656
105.072649,21.031656
105.072662,21.031655
105.072675,21.031655
105.072688,21.031655
105.072702,21.031654
105.072715,21.031654
105.072728,21.031653
105.072741,21.031653
105.072754,21.031653
105.072767,21.031652
105.072781,21.031651
105.072794,21.031651
105.072807,21.03165
105.07282,21.03165
105.072833,21.031649
105.072846,21.031648
105.072859,21.031648
105.072873,21.031647
105.072886,21.031646
105.072899,21.031645
105.072912,21.031645
105.072925,21.031644
105.072938,21.031643
105.072952,21.031642
105.072965,21.031641
105.072978,21.03164
105.072991,21.031639
105.073004,21.031638
105.073017,21.031637
105.07303,21.031636
105.073044,21.031635
105.073057,21.031634
105.07307,21.031633
105.073083,21.031632
105.073096,21.031631
105.073109,21.031629
105.073123,21.031628
105.073136,21.031627
105.078923,21.031066
105.078941,21.031064
105.07896,21.031062
105.078978,21.03106
105.078996,21.031059
105.079015,21.031057
105.079033,21.031056
105.079052,21.031054
105.07907,21.031053
105.079089,21.031052
105.079107,21.03105
105.079125,21.031049
105.079144,21.031048
105.079162,21.031047
105.079181,21.031046
105.079199,21.031045
105.079218,21.031044
105.079236,21.031043
105.079254,21.031042
105.079273,21.031041
105.079291,21.03104
105.07931,21.03104
105.079328,21.031039
105.079347,21.031038
105.079365,21.031038
105.079383,21.031037
105.079402,21.031037
105.07942,21.031037
105.079439,21.031036
105.079457,21.031036
105.079476,21.031036
105.079494,21.031036
105.079513,21.031036
105.079531,21.031036
105.079549,21.031036
105.079568,21.031036
105.079586,21.031036
105.079605,21.031036
105.079623,21.031036
105.079642,21.031036
105.07966,21.031037
105.079678,21.031037
105.079697,21.031037
105.079715,21.031038
105.079734,21.031038
105.079752,21.031039
105.079771,21.03104
105.079789,21.03104
105.080868,21.031082
105.080873,21.031082
105.080879,21.031083
105.080885,21.031083
105.080891,21.031083
105.080896,21.031083
105.080902,21.031084
105.080908,21.031084
105.080914,21.031084
105.08092,21.031084
105.080925,21.031085
105.080931,21.031085
105.080937,21.031085
105.080943,21.031086
105.080948,21.031086
105.080954,21.031086
105.08096,21.031087
105.080966,21.031087
105.080971,21.031088
105.080977,21.031088
105.080983,21.031088
105.080989,21.031089
105.080994,21.031089
105.081,21.03109
105.081006,21.03109
105.081012,21.03109
105.081017,21.031091
105.081023,21.031091
105.081029,21.031092
105.081035,21.031092
105.081041,21.031093
105.081046,21.031093
105.081052,21.031094
105.081058,21.031094
105.081064,21.031095
105.081069,21.031095
105.081075,21.031096
105.081081,21.031096
105.081087,21.031097
105.081092,21.031097
105.081098,21.031098
105.081104,21.031099
105.08111,21.031099
105.081115,21.0311
105.081121,21.0311
105.081127,21.031101
105.081133,21.031102
105.081138,21.031102
105.084193,21.031436
105.084202,21.031437
105.08421,21.031438
105.084219,21.031439
105.084227,21.03144
105.084236,21.031441
105.084244,21.031442
105.084252,21.031443
105.084261,21.031443
105.084269,21.031444
105.084278,21.031445
105.084286,21.031446
105.084294,21.031447
105.084303,21.031448
105.084311,21.031449
105.08432,21.03145
105.084328,21.03145
105.084337,21.031451
105.084345,21.031452
105.084353,21.031453
105.084362,21.031454
105.08437,21.031455
105.084379,21.031455
105.084387,21.031456
105.084395,21.031457
105.084404,21.031458
105.084412,21.031459
105.084421,21.03146
105.084429,21.03146
105.084437,21.031461
105.084446,21.031462
105.084454,21.031463
105.084463,21.031464
105.084471,21.031464
105.08448,21.031465
105.084488,21.031466
105.084496,21.031467
105.084505,21.031467
105.084513,21.031468
105.084522,21.031469
105.08453,21.03147
105.084538,21.031471
105.084547,21.031471
105.084555,21.031472
105.084564,21.031473
105.084572,21.031474
105.084581,21.031474
105.084589,21.031475
105.085145,21.031524
105.085152,21.031524
105.08516,21.031525
105.085167,21.031525
105.085174,21.031526
105.085181,21.031527
105.085188,21.031527
105.085196,21.031528
105.085203,21.031528
105.08521,21.031529
105.085217,21.031529
105.085224,21.03153
105.085231,21.03153
105.085239,21.031531
105.085246,21.031531
105.085253,21.031531
105.08526,21.031532
105.085267,21.031532
105.085275,21.031533
105.085282,21.031533
105.085289,21.031533
105.085296,21.031534
105.085303,21.031534
105.08531,21.031534
105.085318,21.031535
105.085325,21.031535
105.085332,21.031535
105.085339,21.031536
105.085346,21.031536
105.085354,21.031536
105.085361,21.031536
105.085368,21.031537
105.085375,21.031537
105.085382,21.031537
105.085389,21.031537
105.085397,21.031537
105.085404,21.031537
105.085411,21.031538
105.085418,21.031538
105.085425,21.031538
105.085433,21.031538
105.08544,21.031538
105.085447,21.031538
105.085454,21.031538
105.085461,21.031538
105.085468,21.031538
105.085476,21.031538
105.085483,21.031538
105.087252,21.031537
105.087263,21.031537
105.087275,21.031537
105.087286,21.031537
105.087297,21.031537
105.087308,21.031537
105.08732,21.031537
105.087331,21.031537
105.087342,21.031537
105.087353,21.031536
105.087364,21.031536
105.087376,21.031536
105.087387,21.031536
105.087398,21.031536
105.087409,21.031535
105.087421,21.031535
105.087432,21.031535
105.087443,21.031534
105.087454,21.031534
105.087466,21.031534
105.087477,21.031533
105.087488,21.031533
105.087499,21.031532
105.087511,21.031532
105.087522,21.031531
105.087533,21.031531
105.087544,21.03153
105.087556,21.03153
105.087567,21.031529
105.087578,21.031529
105.087589,21.031528
105.0876,21.031528
105.087612,21.031527
105.087623,21.031526
105.087634,21.031526
105.087645,21.031525
105.087657,21.031524
105.087668,21.031524
105.087679,21.031523
105.08769,21.031522
105.087702,21.031521
105.087713,21.03152
105.087724,21.03152
105.087735,21.031519
105.087747,21.031518
105.087758,21.031517
105.087769,21.031516
105.08778,21.031515
105.090578,21.031283
105.090596,21.031282
105.090615,21.03128
105.090633,21.031279
105.090651,21.031278
105.090669,21.031276
105.090687,21.031275
105.090705,21.031274
105.090723,21.031273
105.090742,21.031272
105.09076,21.031271
105.090778,21.03127
105.090796,21.03127
105.090814,21.031269
105.090832,21.031268
105.09085,21.031268
105.090869,21.031267
105.090887,21.031267
105.090905,21.031266
105.090923,21.031266
105.090941,21.031266
105.090959,21.031266
105.090977,21.031266
105.090996,21.031266
105.091014,21.031266
105.091032,21.031266
105.09105,21.031266
105.091068,21.031266
105.091086,21.031266
105.091104,21.031267
105.091123,21.031267
105.091141,21.031267
105.091159,21.031268
105.091177,21.031269
105.091195,21.031269
105.091213,21.03127
105.091231,21.031271
105.09125,21.031271
105.091268,21.031272
105.091286,21.031273
105.091304,21.031274
105.091322,21.031276
105.09134,21.031277
105.091358,21.031278
105.091377,21.031279
105.091395,21.031281
105.091413,21.031282
105.091431,21.031283
105.094078,21.031505
105.094085,21.031506
105.094092,21.031507
105.094098,21.031507
105.094105,21.031508
105.094112,21.031508
105.094119,21.031509
105.094126,21.031509
105.094133,21.03151
105.09414,21.03151
105.094147,21.031511
105.094154,21.031511
105.094161,21.031511
105.094168,21.031512
105.094174,21.031512
105.094181,21.031513
105.094188,21.031513
105.094195,21.031513
105.094202,21.031514
105.094209,21.031514
105.094216,21.031515
105.094223,21.031515
105.09423,21.031515
105.094237,21.031515
105.094244,21.031516
105.09425,21.031516
105.094257,21.031516
105.094264,21.031517
105.094271,21.031517
105.094278,21.031517
105.094285,21.031517
105.094292,21.031517
105.094299,21.031518
105.094306,21.031518
105.094313,21.031518
105.09432,21.031518
105.094326,21.031518
105.094333,21.031518
105.09434,21.031518
105.094347,21.031519
105.094354,21.031519
105.094361,21.031519
105.094368,21.031519
105.094375,21.031519
105.094382,21.031519
105.094389,21.031519
105.094395,21.031519
105.094402,21.031519
105.095504,21.031518
105.095516,21.031518
105.095527,21.031518
105.095539,21.031518
105.095551,21.031518
105.095563,21.031518
105.095574,21.031518
105.095586,21.031518
105.095598,21.031518
105.095609,21.031517
105.095621,21.031517
105.095633,21.031517
105.095645,21.031517
105.095656,21.031516
105.095668,21.031516
105.09568,21.031516
105.095691,21.031515
105.095703,21.031515
105.095715,21.031515
105.095727,21.031514
105.095738,21.031514
105.09575,21.031513
105.095762,21.031513
105.095773,21.031512
105.095785,21.031512
105.095797,21.031511
105.095809,21.031511
105.09582,21.03151
105.095832,21.031509
105.095844,21.031509
105.095856,21.031508
105.095867,21.031507
105.095879,21.031507
105.095891,21.031506
105.095902,21.031505
105.095914,21.031504
105.095926,21.031504
105.095938,21.031503
105.095949,21.031502
105.095961,21.031501
105.095973,21.0315
105.095984,21.031499
105.095996,21.031498
105.096008,21.031497
105.09602,21.031496
105.096031,21.031495
105.096043,21.031494
105.096055,21.031493
105.09859,21.031265
105.098607,21.031264
105.098624,21.031262
105.098642,21.031261
105.098659,21.031259
105.098677,21.031258
105.098694,21.031257
105.098712,21.031256
105.098729,21.031255
105.098747,21.031254
105.098764,21.031253
105.098781,21.031253
105.098799,21.031252
105.098816,21.031251
105.098834,21.031251
105.098851,21.03125
105.098869,21.03125
105.098886,21.03125
105.098904,21.03125
105.098921,21.03125
105.098939,21.03125
105.098956,21.03125
105.098973,21.03125
105.098991,21.03125
105.099008,21.03125
105.099026,21.031251
105.099043,21.031251
105.099061,21.031252
105.099078,21.031252
105.099096,21.031253
105.099113,21.031254
105.09913,21.031254
105.099148,21.031255
105.099165,21.031256
105.099183,21.031258
105.0992,21.031259
105.099218,21.03126
105.099235,21.031261
105.099253,21.031263
105.09927,21.031264
105.099288,21.031266
105.099305,21.031267
105.099322,21.031269
105.09934,21.031271
105.099357,21.031273
105.099375,21.031275
105.099392,21.031277
105.09941,21.031279
105.100317,21.031391
105.10033,21.031393
105.100342,21.031394
105.100354,21.031396
105.100366,21.031397
105.100378,21.031398
105.100391,21.0314
105.100403,21.031401
105.100415,21.031402
105.100427,21.031403
105.100439,21.031405
105.100452,21.031406
105.100464,21.031407
105.100476,21.031408
105.100488,21.031409
105.1005,21.03141
105.100513,21.031411
105.100525,21.031412
105.100537,21.031413
105.100549,21.031414
105.100561,21.031415
105.100574,21.031416
105.100586,21.031417
105.100598,21.031417
105.10061,21.031418
105.100622,21.031419
105.100635,21.031419
105.100647,21.03142
105.100659,21.031421
105.100671,21.031421
105.100683,21.031422
105.100696,21.031422
105.100708,21.031423
105.10072,21.031423
105.100732,21.031424
105.100744,21.031424
105.100757,21.031425
105.100769,21.031425
105.100781,21.031425
105.100793,21.031425
105.100805,21.031426
105.100818,21.031426
105.10083,21.031426
105.100842,21.031426
105.100854,21.031426
105.100866,21.031426
105.100879,21.031426
105.100891,21.031426
105.105296,21.031424
105.100898,21.031426
105.105296,21.031424
105.100891,21.031426
105.100879,21.031426
105.100866,21.031426
105.100854,21.031426
105.100842,21.031426
105.10083,21.031426
105.100818,21.031426
105.100805,21.031426
105.100793,21.031425
105.100781,21.031425
105.100769,21.031425
105.100757,21.031425
105.100744,21.031424
105.100732,21.031424
105.10072,21.031423
105.100708,21.031423
105.100696,21.031422
105.100683,21.031422
105.100671,21.031421
105.100659,21.031421
105.100647,21.03142
105.100635,21.031419
105.100622,21.031419
105.10061,21.031418
105.100598,21.031417
105.100586,21.031417
105.100574,21.031416
105.100561,21.031415
105.100549,21.031414
105.100537,21.031413
105.100525,21.031412
105.100513,21.031411
105.1005,21.03141
105.100488,21.031409
105.100476,21.031408
105.100464,21.031407
105.100452,21.031406
105.100439,21.031405
105.100427,21.031403
105.100415,21.031402
105.100403,21.031401
105.100391,21.0314
105.100378,21.031398
105.100366,21.031397
105.100354,21.031396
105.100342,21.031394
105.10033,21.031393
105.100317,21.031391
105.10033,21.031393
105.100342,21.031394
105.100354,21.031396
105.100366,21.031397
105.100378,21.031398
105.100391,21.0314
105.100403,21.031401
105.100415,21.031402
105.100427,21.031403
105.100439,21.031405
105.100452,21.031406
105.100464,21.031407
105.100476,21.031408
105.100488,21.031409
105.1005,21.03141
105.100513,21.031411
105.100525,21.031412
105.100537,21.031413
105.100549,21.031414
105.100561,21.031415
105.100574,21.031416
105.100586,21.031417
105.100598,21.031417
105.10061,21.031418
105.100622,21.031419
105.100635,21.031419
105.100647,21.03142
105.100659,21.031421
105.100671,21.031421
105.100683,21.031422
105.100696,21.031422
105.100708,21.031423
105.10072,21.031423
105.100732,21.031424
105.100744,21.031424
105.100757,21.031425
105.100769,21.031425
105.100781,21.031425
105.100793,21.031425
105.100805,21.031426
105.100818,21.031426
105.10083,21.031426
105.100842,21.031426
105.100854,21.031426
105.100866,21.031426
105.100879,21.031426
105.100891,21.031426
105.100879,21.031426
105.100866,21.031426
105.100854,21.031426
105.100842,21.031426
105.10083,21.031426
105.100818,21.031426
105.100805,21.031426
105.100793,21.031425
105.100781,21.031425
105.100769,21.031425
105.100757,21.031425
105.100744,21.031424
105.100732,21.031424
105.10072,21.031423
105.100708,21.031423
105.100696,21.031422
105.100683,21.031422
105.100671,21.031421
105.100659,21.031421
105.100647,21.03142
105.100635,21.031419
105.100622,21.031419
105.10061,21.031418
105.100598,21.031417
105.100586,21.031417
105.100574,21.031416
105.100561,21.031415
105.100549,21.031414
105.100537,21.031413
105.100525,21.031412
105.100513,21.031411
105.1005,21.03141
105.100488,21.031409
105.100476,21.031408
105.100464,21.031407
105.100452,21.031406
105.100439,21.031405
105.100427,21.031403
105.100415,21.031402
105.100403,21.031401
105.100391,21.0314
105.100378,21.031398
105.100366,21.031397
105.100354,21.031396
105.100342,21.031394
105.10033,21.031393
105.100317,21.031391
105.09941,21.031279
105.099392,21.031277
105.099375,21.031275
105.099357,21.031273
105.09934,21.031271
105.099322,21.031269
105.099305,21.031267
105.099288,21.031266
105.09927,21.031264
105.099253,21.031263
105.099235,21.031261
105.099218,21.03126
105.0992,21.031259
105.099183,21.031258
105.099165,21.031256
105.099148,21.031255
105.09913,21.031254
105.099113,21.031254
105.099096,21.031253
105.099078,21.031252
105.099061,21.031252
105.099043,21.031251
105.099026,21.031251
105.099008,21.03125
105.098991,21.03125
105.098973,21.03125
105.098956,21.03125
105.098939,21.03125
105.098921,21.03125
105.098904,21.03125
105.098886,21.03125
105.098869,21.03125
105.098851,21.03125
105.098834,21.031251
105.098816,21.031251
105.098799,21.031252
105.098781,21.031253
105.098764,21.031253
105.098747,21.031254
105.098729,21.031255
105.098712,21.031256
105.098694,21.031257
105.098677,21.031258
105.098659,21.031259
105.098642,21.031261
105.098624,21.031262
105.098607,21.031264
105.09859,21.031265
105.098607,21.031264
105.098624,21.031262
105.098642,21.031261
105.098659,21.031259
105.098677,21.031258
105.098694,21.031257
105.098712,21.031256
105.098729,21.031255
105.098747,21.031254
105.098764,21.031253
105.098781,21.031253
105.098799,21.031252
105.098816,21.031251
105.098834,21.031251
105.098851,21.03125
105.098869,21.03125
105.098886,21.03125
105.098904,21.03125
105.098921,21.03125
105.098939,21.03125
105.098956,21.03125
105.098973,21.03125
105.098991,21.03125
105.099008,21.03125
105.099026,21.031251
105.099043,21.031251
105.099061,21.031252
105.099078,21.031252
105.099096,21.031253
105.099113,21.031254
105.09913,21.031254
105.099148,21.031255
105.099165,21.031256
105.099183,21.031258
105.0992,21.031259
105.099218,21.03126
105.099235,21.031261
105.099253,21.031263
105.09927,21.031264
105.099288,21.031266
105.099305,21.031267
105.099322,21.031269
105.09934,21.031271
105.099357,21.031273
105.099375,21.031275
105.099392,21.031277
105.09941,21.031279
105.099392,21.031277
105.099375,21.031275
105.099357,21.031273
105.09934,21.031271
105.099322,21.031269
105.099305,21.031267
105.099288,21.031266
105.09927,21.031264
105.099253,21.031263
105.099235,21.031261
105.099218,21.03126
105.0992,21.031259
105.099183,21.031258
105.099165,21.031256
105.099148,21.031255
105.09913,21.031254
105.099113,21.031254
105.099096,21.031253
105.099078,21.031252
105.099061,21.031252
105.099043,21.031251
105.099026,21.031251
105.099008,21.03125
105.098991,21.03125
105.098973,21.03125
105.098956,21.03125
105.098939,21.03125
105.098921,21.03125
105.098904,21.03125
105.098886,21.03125
105.098869,21.03125
105.098851,21.03125
105.098834,21.031251
105.098816,21.031251
105.098799,21.031252
105.098781,21.031253
105.098764,21.031253
105.098747,21.031254
105.098729,21.031255
105.098712,21.031256
105.098694,21.031257
105.098677,21.031258
105.098659,21.031259
105.098642,21.031261
105.098624,21.031262
105.098607,21.031264
105.09859,21.031265
105.096055,21.031493
105.096043,21.031494
105.096031,21.031495
105.09602,21.031496
105.096008,21.031497
105.095996,21.031498
105.095984,21.031499
105.095973,21.0315
105.095961,21.031501
105.095949,21.031502
105.095938,21.031503
105.095926,21.031504
105.095914,21.031504
105.095902,21.031505
105.095891,21.031506
105.095879,21.031507
105.095867,21.031507
105.095856,21.031508
105.095844,21.031509
105.095832,21.031509
105.09582,21.03151
105.095809,21.031511
105.095797,21.031511
105.095785,21.031512
105.095773,21.031512
105.095762,21.031513
105.09575,21.031513
105.095738,21.031514
105.095727,21.031514
105.095715,21.031515
105.095703,21.031515
105.095691,21.031515
105.09568,21.031516
105.095668,21.031516
105.095656,21.031516
105.095645,21.031517
105.095633,21.031517
105.095621,21.031517
105.095609,21.031517
105.095598,21.031518
105.095586,21.031518
105.095574,21.031518
105.095563,21.031518
105.095551,21.031518
105.095539,21.031518
105.095527,21.031518
105.095516,21.031518
105.095504,21.031518
105.095516,21.031518
105.095527,21.031518
105.095539,21.031518
105.095551,21.031518
105.095563,21.031518
105.095574,21.031518
105.095586,21.031518
105.095598,21.031518
105.095609,21.031517
105.095621,21.031517
105.095633,21.031517
105.095645,21.031517
105.095656,21.031516
105.095668,21.031516
105.09568,21.031516
105.095691,21.031515
105.095703,21.031515
105.095715,21.031515
105.095727,21.031514
105.095738,21.031514
105.09575,21.031513
105.095762,21.031513
105.095773,21.031512
105.095785,21.031512
105.095797,21.031511
105.095809,21.031511
105.09582,21.03151
105.095832,21.031509
105.095844,21.031509
105.095856,21.031508
105.095867,21.031507
105.095879,21.031507
105.095891,21.031506
105.095902,21.031505
105.095914,21.031504
105.095926,21.031504
105.095938,21.031503
105.095949,21.031502
105.095961,21.031501
105.095973,21.0315
105.095984,21.031499
105.095996,21.031498
105.096008,21.031497
105.09602,21.031496
105.096031,21.031495
105.096043,21.031494
105.096055,21.031493
105.096043,21.031494
105.096031,21.031495
105.09602,21.031496
105.096008,21.031497
105.095996,21.031498
105.095984,21.031499
105.095973,21.0315
105.095961,21.031501
105.095949,21.031502
105.095938,21.031503
105.095926,21.031504
105.095914,21.031504
105.095902,21.031505
105.095891,21.031506
105.095879,21.031507
105.095867,21.031507
105.095856,21.031508
105.095844,21.031509
105.095832,21.031509
105.09582,21.03151
105.095809,21.031511
105.095797,21.031511
105.095785,21.031512
105.095773,21.031512
105.095762,21.031513
105.09575,21.031513
105.095738,21.031514
105.095727,21.031514
105.095715,21.031515
105.095703,21.031515
105.095691,21.031515
105.09568,21.031516
105.095668,21.031516
105.095656,21.031516
105.095645,21.031517
105.095633,21.031517
105.095621,21.031517
105.095609,21.031517
105.095598,21.031518
105.095586,21.031518
105.095574,21.031518
105.095563,21.031518
105.095551,21.031518
105.095539,21.031518
105.095527,21.031518
105.095516,21.031518
105.095504,21.031518
105.094402,21.031519
105.094395,21.031519
105.094389,21.031519
105.094382,21.031519
105.094375,21.031519
105.094368,21.031519
105.094361,21.031519
105.094354,21.031519
105.094347,21.031519
105.09434,21.031518
105.094333,21.031518
105.094326,21.031518
105.09432,21.031518
105.094313,21.031518
105.094306,21.031518
105.094299,21.031518
105.094292,21.031517
105.094285,21.031517
105.094278,21.031517
105.094271,21.031517
105.094264,21.031517
105.094257,21.031516
105.09425,21.031516
105.094244,21.031516
105.094237,21.031515
105.09423,21.031515
105.094223,21.031515
105.094216,21.031515
105.094209,21.031514
105.094202,21.031514
105.094195,21.031513
105.094188,21.031513
105.094181,21.031513
105.094174,21.031512
105.094168,21.031512
105.094161,21.031511
105.094154,21.031511
105.094147,21.031511
105.09414,21.03151
105.094133,21.03151
105.094126,21.031509
105.094119,21.031509
105.094112,21.031508
105.094105,21.031508
105.094098,21.031507
105.094092,21.031507
105.094085,21.031506
105.094078,21.031505
105.094085,21.031506
105.094092,21.031507
105.094098,21.031507
105.094105,21.031508
105.094112,21.031508
105.094119,21.031509
105.094126,21.031509
105.094133,21.03151
105.09414,21.03151
105.094147,21.031511
105.094154,21.031511
105.094161,21.031511
105.094168,21.031512
105.094174,21.031512
105.094181,21.031513
105.094188,21.031513
105.094195,21.031513
105.094202,21.031514
105.094209,21.031514
105.094216,21.031515
105.094223,21.031515
105.09423,21.031515
105.094237,21.031515
105.094244,21.031516
105.09425,21.031516
105.094257,21.031516
105.094264,21.031517
105.094271,21.031517
105.094278,21.031517
105.094285,21.031517
105.094292,21.031517
105.094299,21.031518
105.094306,21.031518
105.094313,21.031518
105.09432,21.031518
105.094326,21.031518
105.094333,21.031518
105.09434,21.031518
105.094347,21.031519
105.094354,21.031519
105.094361,21.031519
105.094368,21.031519
105.094375,21.031519
105.094382,21.031519
105.094389,21.031519
105.094395,21.031519
105.094402,21.031519
105.094395,21.031519
105.094389,21.031519
105.094382,21.031519
105.094375,21.031519
105.094368,21.031519
105.094361,21.031519
105.094354,21.031519
105.094347,21.031519
105.09434,21.031518
105.094333,21.031518
105.094326,21.031518
105.09432,21.031518
105.094313,21.031518
105.094306,21.031518
105.094299,21.031518
105.094292,21.031517
105.094285,21.031517
105.094278,21.031517
105.094271,21.031517
105.094264,21.031517
105.094257,21.031516
105.09425,21.031516
105.094244,21.031516
105.094237,21.031515
105.09423,21.031515
105.094223,21.031515
105.094216,21.031515
105.094209,21.031514
105.094202,21.031514
105.094195,21.031513
105.094188,21.031513
105.094181,21.031513
105.094174,21.031512
105.094168,21.031512
105.094161,21.031511
105.094154,21.031511
105.094147,21.031511
105.09414,21.03151
105.094133,21.03151
105.094126,21.031509
105.094119,21.031509
105.094112,21.031508
105.094105,21.031508
105.094098,21.031507
105.094092,21.031507
105.094085,21.031506
105.094078,21.031505
105.091431,21.031283
105.091413,21.031282
105.091395,21.031281
105.091377,21.031279
105.091358,21.031278
105.09134,21.031277
105.091322,21.031276
105.091304,21.031274
105.091286,21.031273
105.091268,21.031272
105.09125,21.031271
105.091231,21.031271
105.091213,21.03127
105.091195,21.031269
105.091177,21.031269
105.091159,21.031268
105.091141,21.031267
105.091123,21.031267
105.091104,21.031267
105.091086,21.031266
105.091068,21.031266
105.09105,21.031266
105.091032,21.031266
105.091014,21.031266
105.090996,21.031266
105.090977,21.031266
105.090959,21.031266
105.090941,21.031266
105.090923,21.031266
105.090905,21.031266
105.090887,21.031267
105.090869,21.031267
105.09085,21.031268
105.090832,21.031268
105.090814,21.031269
105.090796,21.03127
105.090778,21.03127
105.09076,21.031271
105.090742,21.031272
105.090723,21.031273
105.090705,21.031274
105.090687,21.031275
105.090669,21.031276
105.090651,21.031278
105.090633,21.031279
105.090615,21.03128
105.090596,21.031282
105.090578,21.031283
105.090596,21.031282
105.090615,21.03128
105.090633,21.031279
105.090651,21.031278
105.090669,21.031276
105.090687,21.031275
105.090705,21.031274
105.090723,21.031273
105.090742,21.031272
105.09076,21.031271
105.090778,21.03127
105.090796,21.03127
105.090814,21.031269
105.090832,21.031268
105.09085,21.031268
105.090869,21.031267
105.090887,21.031267
105.090905,21.031266
105.090923,21.031266
105.090941,21.031266
105.090959,21.031266
105.090977,21.031266
105.090996,21.031266
105.091014,21.031266
105.091032,21.031266
105.09105,21.031266
105.091068,21.031266
105.091086,21.031266
105.091104,21.031267
105.091123,21.031267
105.091141,21.031267
105.091159,21.031268
105.091177,21.031269
105.091195,21.031269
105.091213,21.03127
105.091231,21.031271
105.09125,21.031271
105.091268,21.031272
105.091286,21.031273
105.091304,21.031274
105.091322,21.031276
105.09134,21.031277
105.091358,21.031278
105.091377,21.031279
105.091395,21.031281
105.091413,21.031282
105.091431,21.031283
105.091413,21.031282
105.091395,21.031281
105.091377,21.031279
105.091358,21.031278
105.09134,21.031277
105.091322,21.031276
105.091304,21.031274
105.091286,21.031273
105.091268,21.031272
105.09125,21.031271
105.091231,21.031271
105.091213,21.03127
105.091195,21.031269
105.091177,21.031269
105.091159,21.031268
105.091141,21.031267
105.091123,21.031267
105.091104,21.031267
105.091086,21.031266
105.091068,21.031266
105.09105,21.031266
105.091032,21.031266
105.091014,21.031266
105.090996,21.031266
105.090977,21.031266
105.090959,21.031266
105.090941,21.031266
105.090923,21.031266
105.090905,21.031266
105.090887,21.031267
105.090869,21.031267
105.09085,21.031268
105.090832,21.031268
105.090814,21.031269
105.090796,21.03127
105.090778,21.03127
105.09076,21.031271
105.090742,21.031272
105.090723,21.031273
105.090705,21.031274
105.090687,21.031275
105.090669,21.031276
105.090651,21.031278
105.090633,21.031279
105.090615,21.03128
105.090596,21.031282
105.090578,21.031283
105.08778,21.031515
105.087769,21.031516
105.087758,21.031517
105.087747,21.031518
105.087735,21.031519
105.087724,21.03152
105.087713,21.03152
105.087702,21.031521
105.08769,21.031522
105.087679,21.031523
105.087668,21.031524
105.087657,21.031524
105.087645,21.031525
105.087634,21.031526
105.087623,21.031526
105.087612,21.031527
105.0876,21.031528
105.087589,21.031528
105.087578,21.031529
105.087567,21.031529
105.087556,21.03153
105.087544,21.03153
105.087533,21.031531
105.087522,21.031531
105.087511,21.031532
105.087499,21.031532
105.087488,21.031533
105.087477,21.031533
105.087466,21.031534
105.087454,21.031534
105.087443,21.031534
105.087432,21.031535
105.087421,21.031535
105.087409,21.031535
105.087398,21.031536
105.087387,21.031536
105.087376,21.031536
105.087364,21.031536
105.087353,21.031536
105.087342,21.031537
105.087331,21.031537
105.08732,21.031537
105.087308,21.031537
105.087297,21.031537
105.087286,21.031537
105.087275,21.031537
105.087263,21.031537
105.087252,21.031537
105.087263,21.031537
105.087275,21.031537
105.087286,21.031537
105.087297,21.031537
105.087308,21.031537
105.08732,21.031537
105.087331,21.031537
105.087342,21.031537
105.087353,21.031536
105.087364,21.031536
105.087376,21.031536
105.087387,21.031536
105.087398,21.031536
105.087409,21.031535
105.087421,21.031535
105.087432,21.031535
105.087443,21.031534
105.087454,21.031534
105.087466,21.031534
105.087477,21.031533
105.087488,21.031533
105.087499,21.031532
105.087511,21.031532
105.087522,21.031531
105.087533,21.031531
105.087544,21.03153
105.087556,21.03153
105.087567,21.031529
105.087578,21.031529
105.087589,21.031528
105.0876,21.031528
105.087612,21.031527
105.087623,21.031526
105.087634,21.031526
105.087645,21.031525
105.087657,21.031524
105.087668,21.031524
105.087679,21.031523
105.08769,21.031522
105.087702,21.031521
105.087713,21.03152
105.087724,21.03152
105.087735,21.031519
105.087747,21.031518
105.087758,21.031517
105.087769,21.031516
105.08778,21.031515
105.087769,21.031516
105.087758,21.031517
105.087747,21.031518
105.087735,21.031519
105.087724,21.03152
105.087713,21.03152
105.087702,21.031521
105.08769,21.031522
105.087679,21.031523
105.087668,21.031524
105.087657,21.031524
105.087645,21.031525
105.087634,21.031526
105.087623,21.031526
105.087612,21.031527
105.0876,21.031528
105.087589,21.031528
105.087578,21.031529
105.087567,21.031529
105.087556,21.03153
105.087544,21.03153
105.087533,21.031531
105.087522,21.031531
105.087511,21.031532
105.087499,21.031532
105.087488,21.031533
105.087477,21.031533
105.087466,21.031534
105.087454,21.031534
105.087443,21.031534
105.087432,21.031535
105.087421,21.031535
105.087409,21.031535
105.087398,21.031536
105.087387,21.031536
105.087376,21.031536
105.087364,21.031536
105.087353,21.031536
105.087342,21.031537
105.087331,21.031537
105.08732,21.031537
105.087308,21.031537
105.087297,21.031537
105.087286,21.031537
105.087275,21.031537
105.087263,21.031537
105.087252,21.031537
105.085483,21.031538
105.085476,21.031538
105.085468,21.031538
105.085461,21.031538
105.085454,21.031538
105.085447,21.031538
105.08544,21.031538
105.085433,21.031538
105.085425,21.031538
105.085418,21.031538
105.085411,21.031538
105.085404,21.031537
105.085397,21.031537
105.085389,21.031537
105.085382,21.031537
105.085375,21.031537
105.085368,21.031537
105.085361,21.031536
105.085354,21.031536
105.085346,21.031536
105.085339,21.031536
105.085332,21.031535
105.085325,21.031535
105.085318,21.031535
105.08531,21.031534
105.085303,21.031534
105.085296,21.031534
105.085289,21.031533
105.085282,21.031533
105.085275,21.031533
105.085267,21.031532
105.08526,21.031532
105.085253,21.031531
105.085246,21.031531
105.085239,21.031531
105.085231,21.03153
105.085224,21.03153
105.085217,21.031529
105.08521,21.031529
105.085203,21.031528
105.085196,21.031528
105.085188,21.031527
105.085181,21.031527
105.085174,21.031526
105.085167,21.031525
105.08516,21.031525
105.085152,21.031524
105.085145,21.031524
105.085152,21.031524
105.08516,21.031525
105.085167,21.031525
105.085174,21.031526
105.085181,21.031527
105.085188,21.031527
105.085196,21.031528
105.085203,21.031528
105.08521,21.031529
105.085217,21.031529
105.085224,21.03153
105.085231,21.03153
105.085239,21.031531
105.085246,21.031531
105.085253,21.031531
105.08526,21.031532
105.085267,21.031532
105.085275,21.031533
105.085282,21.031533
105.085289,21.031533
105.085296,21.031534
105.085303,21.031534
105.08531,21.031534
105.085318,21.031535
105.085325,21.031535
105.085332,21.031535
105.085339,21.031536
105.085346,21.031536
105.085354,21.031536
105.085361,21.031536
105.085368,21.031537
105.085375,21.031537
105.085382,21.031537
105.085389,21.031537
105.085397,21.031537
105.085404,21.031537
105.085411,21.031538
105.085418,21.031538
105.085425,21.031538
105.085433,21.031538
105.08544,21.031538
105.085447,21.031538
105.085454,21.031538
105.085461,21.031538
105.085468,21.031538
105.085476,21.031538
105.085483,21.031538
105.085476,21.031538
105.085468,21.031538
105.085461,21.031538
105.085454,21.031538
105.085447,21.031538
105.08544,21.031538
105.085433,21.031538
105.085425,21.031538
105.085418,21.031538
105.085411,21.031538
105.085404,21.031537
105.085397,21.031537
105.085389,21.031537
105.085382,21.031537
105.085375,21.031537
105.085368,21.031537
105.085361,21.031536
105.085354,21.031536
105.085346,21.031536
105.085339,21.031536
105.085332,21.031535
105.085325,21.031535
105.085318,21.031535
105.08531,21.031534
105.085303,21.031534
105.085296,21.031534
105.085289,21.031533
105.085282,21.031533
105.085275,21.031533
105.085267,21.031532
105.08526,21.031532
105.085253,21.031531
105.085246,21.031531
105.085239,21.031531
105.085231,21.03153
105.085224,21.03153
105.085217,21.031529
105.08521,21.031529
105.085203,21.031528
105.085196,21.031528
105.085188,21.031527
105.085181,21.031527
105.085174,21.031526
105.085167,21.031525
105.08516,21.031525
105.085152,21.031524
105.085145,21.031524
105.084589,21.031475
105.084581,21.031474
105.084572,21.031474
105.084564,21.031473
105.084555,21.031472
105.084547,21.031471
105.084538,21.031471
105.08453,21.03147
105.084522,21.031469
105.084513,21.031468
105.084505,21.031467
105.084496,21.031467
105.084488,21.031466
105.08448,21.031465
105.084471,21.031464
105.084463,21.031464
105.084454,21.031463
105.084446,21.031462
105.084437,21.031461
105.084429,21.03146
105.084421,21.03146
105.084412,21.031459
105.084404,21.031458
105.084395,21.031457
105.084387,21.031456
105.084379,21.031455
105.08437,21.031455
105.084362,21.031454
105.084353,21.031453
105.084345,21.031452
105.084337,21.031451
105.084328,21.03145
105.08432,21.03145
105.084311,21.031449
105.084303,21.031448
105.084294,21.031447
105.084286,21.031446
105.084278,21.031445
105.084269,21.031444
105.084261,21.031443
105.084252,21.031443
105.084244,21.031442
105.084236,21.031441
105.084227,21.03144
105.084219,21.031439
105.08421,21.031438
105.084202,21.031437
105.084193,21.031436
105.084202,21.031437
105.08421,21.031438
105.084219,21.031439
105.084227,21.03144
105.084236,21.031441
105.084244,21.031442
105.084252,21.031443
105.084261,21.031443
105.084269,21.031444
105.084278,21.031445
105.084286,21.031446
105.084294,21.031447
105.084303,21.031448
105.084311,21.031449
105.08432,21.03145
105.084328,21.03145
105.084337,21.031451
105.084345,21.031452
105.084353,21.031453
105.084362,21.031454
105.08437,21.031455
105.084379,21.031455
105.084387,21.031456
105.084395,21.031457
105.084404,21.031458
105.084412,21.031459
105.084421,21.03146
105.084429,21.03146
105.084437,21.031461
105.084446,21.031462
105.084454,21.031463
105.084463,21.031464
105.084471,21.031464
105.08448,21.031465
105.084488,21.031466
105.084496,21.031467
105.084505,21.031467
105.084513,21.031468
105.084522,21.031469
105.08453,21.03147
105.084538,21.031471
105.084547,21.031471
105.084555,21.031472
105.084564,21.031473
105.084572,21.031474
105.084581,21.031474
105.084589,21.031475
105.084581,21.031474
105.084572,21.031474
105.084564,21.031473
105.084555,21.031472
105.084547,21.031471
105.084538,21.031471
105.08453,21.03147
105.084522,21.031469
105.084513,21.031468
105.084505,21.031467
105.084496,21.031467
105.084488,21.031466
105.08448,21.031465
105.084471,21.031464
105.084463,21.031464
105.084454,21.031463
105.084446,21.031462
105.084437,21.031461
105.084429,21.03146
105.084421,21.03146
105.084412,21.031459
105.084404,21.031458
105.084395,21.031457
105.084387,21.031456
105.084379,21.031455
105.08437,21.031455
105.084362,21.031454
105.084353,21.031453
105.084345,21.031452
105.084337,21.031451
105.084328,21.03145
105.08432,21.03145
105.084311,21.031449
105.084303,21.031448
105.084294,21.031447
105.084286,21.031446
105.084278,21.031445
105.084269,21.031444
105.084261,21.031443
105.084252,21.031443
105.084244,21.031442
105.084236,21.031441
105.084227,21.03144
105.084219,21.031439
105.08421,21.031438
105.084202,21.031437
105.084193,21.031436
105.081138,21.031102
105.081133,21.031102
105.081127,21.031101
105.081121,21.0311
105.081115,21.0311
105.08111,21.031099
105.081104,21.031099
105.081098,21.031098
105.081092,21.031097
105.081087,21.031097
105.081081,21.031096
105.081075,21.031096
105.081069,21.031095
105.081064,21.031095
105.081058,21.031094
105.081052,21.031094
105.081046,21.031093
105.081041,21.031093
105.081035,21.031092
105.081029,21.031092
105.081023,21.031091
105.081017,21.031091
105.081012,21.03109
105.081006,21.03109
105.081,21.03109
105.080994,21.031089
105.080989,21.031089
105.080983,21.031088
105.080977,21.031088
105.080971,21.031088
105.080966,21.031087
105.08096,21.031087
105.080954,21.031086
105.080948,21.031086
105.080943,21.031086
105.080937,21.031085
105.080931,21.031085
105.080925,21.031085
105.08092,21.031084
105.080914,21.031084
105.080908,21.031084
105.080902,21.031084
105.080896,21.031083
105.080891,21.031083
105.080885,21.031083
105.080879,21.031083
105.080873,21.031082
105.080868,21.031082
105.080873,21.031082
105.080879,21.031083
105.080885,21.031083
105.080891,21.031083
105.080896,21.031083
105.080902,21.031084
105.080908,21.031084
105.080914,21.031084
105.08092,21.031084
105.080925,21.031085
105.080931,21.031085
105.080937,21.031085
105.080943,21.031086
105.080948,21.031086
105.080954,21.031086
105.08096,21.031087
105.080966,21.031087
105.080971,21.031088
105.080977,21.031088
105.080983,21.031088
105.080989,21.031089
105.080994,21.031089
105.081,21.03109
105.081006,21.03109
105.081012,21.03109
105.081017,21.031091
105.081023,21.031091
105.081029,21.031092
105.081035,21.031092
105.081041,21.031093
105.081046,21.031093
105.081052,21.031094
105.081058,21.031094
105.081064,21.031095
105.081069,21.031095
105.081075,21.031096
105.081081,21.031096
105.081087,21.031097
105.081092,21.031097
105.081098,21.031098
105.081104,21.031099
105.08111,21.031099
105.081115,21.0311
105.081121,21.0311
105.081127,21.031101
105.081133,21.031102
105.081138,21.031102
105.081133,21.031102
105.081127,21.031101
105.081121,21.0311
105.081115,21.0311
105.08111,21.031099
105.081104,21.031099
105.081098,21.031098
105.081092,21.031097
105.081087,21.031097
105.081081,21.031096
105.081075,21.031096
105.081069,21.031095
105.081064,21.031095
105.081058,21.031094
105.081052,21.031094
105.081046,21.031093
105.081041,21.031093
105.081035,21.031092
105.081029,21.031092
105.081023,21.031091
105.081017,21.031091
105.081012,21.03109
105.081006,21.03109
105.081,21.03109
105.080994,21.031089
105.080989,21.031089
105.080983,21.031088
105.080977,21.031088
105.080971,21.031088
105.080966,21.031087
105.08096,21.031087
105.080954,21.031086
105.080948,21.031086
105.080943,21.031086
105.080937,21.031085
105.080931,21.031085
105.080925,21.031085
105.08092,21.031084
105.080914,21.031084
105.080908,21.031084
105.080902,21.031084
105.080896,21.031083
105.080891,21.031083
105.080885,21.031083
105.080879,21.031083
105.080873,21.031082
105.080868,21.031082
105.079789,21.03104
105.079771,21.03104
105.079752,21.031039
105.079734,21.031038
105.079715,21.031038
105.079697,21.031037
105.079678,21.031037
105.07966,21.031037
105.079642,21.031036
105.079623,21.031036
105.079605,21.031036
105.079586,21.031036
105.079568,21.031036
105.079549,21.031036
105.079531,21.031036
105.079513,21.031036
105.079494,21.031036
105.079476,21.031036
105.079457,21.031036
105.079439,21.031036
105.07942,21.031037
105.079402,21.031037
105.079383,21.031037
105.079365,21.031038
105.079347,21.031038
105.079328,21.031039
105.07931,21.03104
105.079291,21.03104
105.079273,21.031041
105.079254,21.031042
105.079236,21.031043
105.079218,21.031044
105.079199,21.031045
105.079181,21.031046
105.079162,21.031047
105.079144,21.031048
105.079125,21.031049
105.079107,21.03105
105.079089,21.031052
105.07907,21.031053
105.079052,21.031054
105.079033,21.031056
105.079015,21.031057
105.078996,21.031059
105.078978,21.03106
105.07896,21.031062
105.078941,21.031064
105.078923,21.031066
105.078941,21.031064
105.07896,21.031062
105.078978,21.03106
105.078996,21.031059
105.079015,21.031057
105.079033,21.031056
105.079052,21.031054
105.07907,21.031053
105.079089,21.031052
105.079107,21.03105
105.079125,21.031049
105.079144,21.031048
105.079162,21.031047
105.079181,21.031046
105.079199,21.031045
105.079218,21.031044
105.079236,21.031043
105.079254,21.031042
105.079273,21.031041
105.079291,21.03104
105.07931,21.03104
105.079328,21.031039
105.079347,21.031038
105.079365,21.031038
105.079383,21.031037
105.079402,21.031037
105.07942,21.031037
105.079439,21.031036
105.079457,21.031036
105.079476,21.031036
105.079494,21.031036
105.079513,21.031036
105.079531,21.031036
105.079549,21.031036
105.079568,21.031036
105.079586,21.031036
105.079605,21.031036
105.079623,21.031036
105.079642,21.031036
105.07966,21.031037
105.079678,21.031037
105.079697,21.031037
105.079715,21.031038
105.079734,21.031038
105.079752,21.031039
105.079771,21.03104
105.079789,21.03104
105.079771,21.03104
105.079752,21.031039
105.079734,21.031038
105.079715,21.031038
105.079697,21.031037
105.079678,21.031037
105.07966,21.031037
105.079642,21.031036
105.079623,21.031036
105.079605,21.031036
105.079586,21.031036
105.079568,21.031036
105.079549,21.031036
105.079531,21.031036
105.079513,21.031036
105.079494,21.031036
105.079476,21.031036
105.079457,21.031036
105.079439,21.031036
105.07942,21.031037
105.079402,21.031037
105.079383,21.031037
105.079365,21.031038
105.079347,21.031038
105.079328,21.031039
105.07931,21.03104
105.079291,21.03104
105.079273,21.031041
105.079254,21.031042
105.079236,21.031043
105.079218,21.031044
105.079199,21.031045
105.079181,21.031046
105.079162,21.031047
105.079144,21.031048
105.079125,21.031049
105.079107,21.03105
105.079089,21.031052
105.07907,21.031053
105.079052,21.031054
105.079033,21.031056
105.079015,21.031057
105.078996,21.031059
105.078978,21.03106
105.07896,21.031062
105.078941,21.031064
105.078923,21.031066
105.073136,21.031627
105.073123,21.031628
105.073109,21.031629
105.073096,21.031631
105.073083,21.031632
105.07307,21.031633
105.073057,21.031634
105.073044,21.031635
105.07303,21.031636
105.073017,21.031637
105.073004,21.031638
105.072991,21.031639
105.072978,21.03164
105.072965,21.031641
105.072952,21.031642
105.072938,21.031643
105.072925,21.031644
105.072912,21.031645
105.072899,21.031645
105.072886,21.031646
105.072873,21.031647
105.072859,21.031648
105.072846,21.031648
105.072833,21.031649
105.07282,21.03165
105.072807,21.03165
105.072794,21.031651
105.072781,21.031651
105.072767,21.031652
105.072754,21.031653
105.072741,21.031653
105.072728,21.031653
105.072715,21.031654
105.072702,21.031654
105.072688,21.031655
105.072675,21.031655
105.072662,21.031655
105.072649,21.031656
105.072636,21.031656
105.072623,21.031656
105.072609,21.031656
105.072596,21.031656
105.072583,21.031657
105.07257,21.031657
105.072557,21.031657
105.072544,21.031657
105.07253,21.031657
105.072517,21.031657
105.07253,21.031657
105.072544,21.031657
105.072557,21.031657
105.07257,21.031657
105.072583,21.031657
105.072596,21.031656
105.072609,21.031656
105.072623,21.031656
105.072636,21.031656
105.072649,21.031656
105.072662,21.031655
105.072675,21.031655
105.072688,21.031655
105.072702,21.031654
105.072715,21.031654
105.072728,21.031653
105.072741,21.031653
105.072754,21.031653
105.072767,21.031652
105.072781,21.031651
105.072794,21.031651
105.072807,21.03165
105.07282,21.03165
105.072833,21.031649
105.072846,21.031648
105.072859,21.031648
105.072873,21.031647
105.072886,21.031646
105.072899,21.031645
105.072912,21.031645
105.072925,21.031644
105.072938,21.031643
105.072952,21.031642
105.072965,21.031641
105.072978,21.03164
105.072991,21.031639
105.073004,21.031638
105.073017,21.031637
105.07303,21.031636
105.073044,21.031635
105.073057,21.031634
105.07307,21.031633
105.073083,21.031632
105.073096,21.031631
105.073109,21.031629
105.073123,21.031628
105.073136,21.031627
105.073123,21.031628
105.073109,21.031629
105.073096,21.031631
105.073083,21.031632
105.07307,21.031633
105.073057,21.031634
105.073044,21.031635
105.07303,21.031636
105.073017,21.031637
105.073004,21.031638
105.072991,21.031639
105.072978,21.03164
105.072965,21.031641
105.072952,21.031642
105.072938,21.031643
105.072925,21.031644
105.072912,21.031645
105.072899,21.031645
105.072886,21.031646
105.072873,21.031647
105.072859,21.031648
105.072846,21.031648
105.072833,21.031649
105.07282,21.03165
105.072807,21.03165
105.072794,21.031651
105.072781,21.031651
105.072767,21.031652
105.072754,21.031653
105.072741,21.031653
105.072728,21.031653
105.072715,21.031654
105.072702,21.031654
105.072688,21.031655
105.072675,21.031655
105.072662,21.031655
105.072649,21.031656
105.072636,21.031656
105.072623,21.031656
105.072609,21.031656
105.072596,21.031656
105.072583,21.031657
105.07257,21.031657
105.072557,21.031657
105.072544,21.031657
105.07253,21.031657
105.072517,21.031657
105.070984,21.031658
105.070975,21.031658
105.070967,21.031658
105.070958,21.031658
105.07095,21.031658
105.070942,21.031658
105.070933,21.031658
105.070925,21.031658
105.070917,21.031658
105.070908,21.031658
105.0709,21.031658
105.070891,21.031658
105.070883,21.031659
105.070875,21.031659
105.070866,21.031659
105.070858,21.031659
105.07085,21.031659
105.070841,21.03166
105.070833,21.03166
105.070824,21.03166
105.070816,21.03166
105.070808,21.031661
105.070799,21.031661
105.070791,21.031661
105.070783,21.031662
105.070774,21.031662
105.070766,21.031662
105.070757,21.031663
105.070749,21.031663
105.070741,21.031663
105.070732,21.031664
105.070724,21.031664
105.070716,21.031665
105.070707,21.031665
105.070699,21.031666
105.07069,21.031666
105.070682,21.031667
105.070674,21.031667
105.070665,21.031668
105.070657,21.031668
105.070649,21.031669
105.07064,21.031669
105.070632,21.03167
105.070623,21.03167
105.070615,21.031671
105.070607,21.031672
105.070598,21.031672
105.07059,21.031673
105.070598,21.031672
105.070607,21.031672
105.070615,21.031671
105.070623,21.03167
105.070632,21.03167
105.07064,21.031669
105.070649,21.031669
105.070657,21.031668
105.070665,21.031668
105.070674,21.031667
105.070682,21.031667
105.07069,21.031666
105.070699,21.031666
105.070707,21.031665
105.070716,21.031665
105.070724,21.031664
105.070732,21.031664
105.070741,21.031663
105.070749,21.031663
105.070757,21.031663
105.070766,21.031662
105.070774,21.031662
105.070783,21.031662
105.070791,21.031661
105.070799,21.031661
105.070808,21.031661
105.070816,21.03166
105.070824,21.03166
105.070833,21.03166
105.070841,21.03166
105.07085,21.031659
105.070858,21.031659
105.070866,21.031659
105.070875,21.031659
105.070883,21.031659
105.070891,21.031658
105.0709,21.031658
105.070908,21.031658
105.070917,21.031658
105.070925,21.031658
105.070933,21.031658
105.070942,21.031658
105.07095,21.031658
105.070958,21.031658
105.070967,21.031658
105.070975,21.031658
105.070984,21.031658
105.070975,21.031658
105.070967,21.031658
105.070958,21.031658
105.07095,21.031658
105.070942,21.031658
105.070933,21.031658
105.070925,21.031658
105.070917,21.031658
105.070908,21.031658
105.0709,21.031658
105.070891,21.031658
105.070883,21.031659
105.070875,21.031659
105.070866,21.031659
105.070858,21.031659
105.07085,21.031659
105.070841,21.03166
105.070833,21.03166
105.070824,21.03166
105.070816,21.03166
105.070808,21.031661
105.070799,21.031661
105.070791,21.031661
105.070783,21.031662
105.070774,21.031662
105.070766,21.031662
105.070757,21.031663
105.070749,21.031663
105.070741,21.031663
105.070732,21.031664
105.070724,21.031664
105.070716,21.031665
105.070707,21.031665
105.070699,21.031666
105.07069,21.031666
105.070682,21.031667
105.070674,21.031667
105.070665,21.031668
105.070657,21.031668
105.070649,21.031669
105.07064,21.031669
105.070632,21.03167
105.070623,21.03167
105.070615,21.031671
105.070607,21.031672
105.070598,21.031672
105.07059,21.031673
105.069877,21.031728
105.069869,21.031729
105.069862,21.031729
105.069854,21.03173
105.069847,21.031731
105.06984,21.031731
105.069832,21.031732
105.069825,21.031732
105.069817,21.031733
105.06981,21.031734
105.069803,21.031734
105.069795,21.031735
105.069788,21.031736
105.06978,21.031736
105.069773,21.031737
105.069766,21.031738
105.069758,21.031738
105.069751,21.031739
105.069743,21.03174
105.069736,21.031741
105.069728,21.031741
105.069721,21.031742
105.069714,21.031743
105.069706,21.031744
105.069699,21.031744
105.069691,21.031745
105.069684,21.031746
105.069677,21.031747
105.069669,21.031748
105.069662,21.031748
105.069654,21.031749
105.069647,21.03175
105.06964,21.031751
105.069632,21.031752
105.069625,21.031753
105.069617,21.031753
105.06961,21.031754
105.069603,21.031755
105.069595,21.031756
105.069588,21.031757
105.06958,21.031758
105.069573,21.031759
105.069566,21.03176
105.069558,21.031761
105.069551,21.031762
105.069543,21.031763
105.069536,21.031764
105.069529,21.031765
105.069536,21.031764
105.069543,21.031763
105.069551,21.031762
105.069558,21.031761
105.069566,21.03176
105.069573,21.031759
105.06958,21.031758
105.069588,21.031757
105.069595,21.031756
105.069603,21.031755
105.06961,21.031754
105.069617,21.031753
105.069625,21.031753
105.069632,21.031752
105.06964,21.031751
105.069647,21.03175
105.069654,21.031749
105.069662,21.031748
105.069669,21.031748
105.069677,21.031747
105.069684,21.031746
105.069691,21.031745
105.069699,21.031744
105.069706,21.031744
105.069714,21.031743
105.069721,21.031742
105.069728,21.031741
105.069736,21.031741
105.069743,21.03174
105.069751,21.031739
105.069758,21.031738
105.069766,21.031738
105.069773,21.031737
105.06978,21.031736
105.069788,21.031736
105.069795,21.031735
105.069803,21.031734
105.06981,21.031734
105.069817,21.031733
105.069825,21.031732
105.069832,21.031732
105.06984,21.031731
105.069847,21.031731
105.069854,21.03173
105.069862,21.031729
105.069869,21.031729
105.069877,21.031728
105.069869,21.031729
105.069862,21.031729
105.069854,21.03173
105.069847,21.031731
105.06984,21.031731
105.069832,21.031732
105.069825,21.031732
105.069817,21.031733
105.06981,21.031734
105.069803,21.031734
105.069795,21.031735
105.069788,21.031736
105.06978,21.031736
105.069773,21.031737
105.069766,21.031738
105.069758,21.031738
105.069751,21.031739
105.069743,21.03174
105.069736,21.031741
105.069728,21.031741
105.069721,21.031742
105.069714,21.031743
105.069706,21.031744
105.069699,21.031744
105.069691,21.031745
105.069684,21.031746
105.069677,21.031747
105.069669,21.031748
105.069662,21.031748
105.069654,21.031749
105.069647,21.03175
105.06964,21.031751
105.069632,21.031752
105.069625,21.031753
105.069617,21.031753
105.06961,21.031754
105.069603,21.031755
105.069595,21.031756
105.069588,21.031757
105.06958,21.031758
105.069573,21.031759
105.069566,21.03176
105.069558,21.031761
105.069551,21.031762
105.069543,21.031763
105.069536,21.031764
