105.069927,21.031982
105.069887,21.031976
105.069818,21.03197
105.069773,21.031966
105.06973,21.031965
105.069703,21.031967
105.069683,21.031969
105.06964,21.031972
105.069595,21.031977
105.069544,21.031983
105.06951,21.031988
105.069494,21.03199
105.069279,21.031982
105.069217,21.031982
105.068631,21.031987
105.06817,21.03199
105.067119,21.03204
105.066126,21.032019
105.066126,21.031966
105.066902,21.031966
105.068171,21.031668
105.068453,21.031565
105.06856,21.031492
105.068716,21.031416
105.068888,21.031361
105.069135,21.031324
105.069231,21.031321
105.069327,21.031321
105.069489,21.031337
105.069761,21.031378
105.07016,21.031427
105.070515,21.031447
105.070765,21.03146
105.071247,21.031507
105.071575,21.031663
105.071774,21.031674
105.07231,21.031645
105.072696,21.03161
105.072817,21.03158
105.072897,21.031588
105.07298,21.031664
105.072999,21.031692
105.073023,21.031704
105.07308,21.031734
105.073105,21.031745
105.073122,21.031749
105.073136,21.03175
105.072817,21.031743
105.072477,21.031894
105.07231,21.031923
105.072214,21.031923
105.072157,21.031915
105.072094,21.031916
105.071983,21.031919
105.07188,21.031934
105.071774,21.031945
105.071726,21.031945
105.071678,21.031945
105.071671,21.031937
105.071656,21.031917
105.071634,21.031888
105.071619,21.031868
105.071605,21.031857
105.071575,21.03185
105.07151,21.031845
105.071461,21.03182
105.071396,21.03172
105.071351,21.031645
105.07133,21.03163
105.071247,21.031579
105.070765,21.031529
105.070402,21.031521
105.06994,21.031485
105.069489,21.031396
105.069327,21.031379
105.069231,21.031379
105.069135,21.031382
105.068888,21.031419
105.068716,21.031474
105.06856,21.03155
105.068453,21.031623
105.068171,21.031726
105.067091,21.031966
105.067091,21.031966
105.06771,21.031957
105.068171,21.031954
105.068631,21.031951
105.069217,21.031946
105.069327,21.031946
105.069489,21.03194
105.069533,21.031941
105.069616,21.031944
105.069703,21.031945
105.069737,21.031947
105.06978,21.031953
105.069927,21.031982
