105.077253,21.031413
105.07719,21.031433
105.077133,21.03146
105.07707,21.031521
105.077128,21.031552
105.077173,21.031564
105.077393,21.031566
105.077593,21.031559
105.077786,21.031545
105.077938,21.031545
105.078101,21.031537
105.078226,21.031538
105.078327,21.031554
105.078433,21.031593
105.078506,21.031604
105.07855,21.031596
105.078763,21.031514
105.078811,21.031513
105.078975,21.031518
105.079036,21.031512
105.079133,21.031498
105.079222,21.031485
105.079297,21.03147
105.07916,21.031423
105.079041,21.031391
105.078975,21.031374
105.078859,21.031369
105.078763,21.031369
105.078639,21.031294
105.078639,21.031294
105.078607,21.031283
105.078561,21.031266
105.078506,21.031259
105.078407,21.031259
105.078263,21.031259
105.078097,21.031259
105.077953,21.031299
105.077864,21.031348
105.077744,21.031371
105.077484,21.031376
105.07738,21.031382
105.077323,21.031392
105.077253,21.031413
