105.100913,21.031926
105.100872,21.031921
105.100855,21.031917
105.100825,21.031902
105.100796,21.031884
105.100718,21.031844
105.100676,21.031827
105.100653,21.031821
105.100641,21.031819
105.100626,21.031818
105.100604,21.031816
105.1006,21.031817
105.100591,21.031821
105.100578,21.031829
105.100563,21.031839
105.100556,21.031844
105.100429,21.031905
105.100351,21.031929
105.100272,21.031941
105.100094,21.031951
105.1,21.031958
105.099996,21.031957
105.099893,21.031948
105.099558,21.03193
105.09933,21.031906
105.099208,21.031881
105.098802,21.031861
105.098699,21.031845
105.098674,21.031828
105.098609,21.031807
105.098311,21.031786
105.097994,21.031769
105.097742,21.031769
105.097607,21.031759
105.097286,21.031755
105.097174,21.03176
105.09699,21.031757
105.096672,21.031745
105.096335,21.031723
105.096314,21.03172
105.095745,21.031718
105.095676,21.031702
105.095585,21.03169
105.095453,21.031675
105.095325,21.031663
105.095207,21.031649
105.095085,21.031676
105.094864,21.031791
105.094457,21.031917
105.093956,21.031969
105.093771,21.031953
105.093565,21.031942
105.093411,21.031937
105.093342,21.031937
105.09325,21.031926
105.093067,21.031884
105.092948,21.03186
105.092843,21.031841
105.092658,21.031821
105.09257,21.031812
105.09236,21.031802
105.092227,21.031781
105.092135,21.03177
105.091822,21.031749
105.091508,21.031713
105.091387,21.031656
105.091323,21.031621
105.091284,21.031597
105.091223,21.031584
105.091175,21.031577
105.091141,21.03157
105.091073,21.031559
105.090937,21.031536
105.090896,21.031527
105.090873,21.031523
105.09086,21.031521
105.090853,21.031521
105.090846,21.031521
105.090839,21.031522
105.090828,21.031524
105.090807,21.031529
105.090776,21.031542
105.090754,21.031553
105.090724,21.03157
105.090698,21.031588
105.090663,21.031616
105.090636,21.031644
105.090604,21.031676
105.090564,21.031717
105.090509,21.031777
105.090429,21.031843
105.090328,21.031899
105.090252,21.031944
105.090106,21.031989
105.088832,21.031985
105.087907,21.032019
105.087893,21.032017
105.08788,21.032014
105.087856,21.032007
105.087834,21.032001
105.087799,21.031994
105.087768,21.031991
105.08771,21.031989
105.087649,21.03199
105.087633,21.03199
105.087621,21.031991
105.087606,21.031994
105.087577,21.032003
105.087549,21.032011
105.087532,21.032014
105.087508,21.03202
105.087486,21.032022
105.087354,21.032023
105.087295,21.032017
105.087252,21.032003
105.087189,21.03198
105.087055,21.031931
105.087077,21.031932
105.087119,21.031929
105.087166,21.031927
105.087219,21.031923
105.087266,21.03192
105.087295,21.031919
105.087327,21.031919
105.087367,21.031919
105.087436,21.031918
105.087507,21.031918
105.087535,21.031913
105.08756,21.031903
105.087574,21.031896
105.08759,21.031885
105.087606,21.031865
105.087618,21.031843
105.087626,21.031813
105.087617,21.031782
105.087604,21.031763
105.087582,21.03175
105.087557,21.031737
105.087529,21.031728
105.08751,21.031721
105.087487,21.031713
105.087417,21.031708
105.087338,21.031699
105.087206,21.03165
105.087125,21.031611
105.087045,21.031599
105.086976,21.031589
105.086916,21.031584
105.086808,21.031571
105.086728,21.031557
105.086684,21.031546
105.086642,21.031523
105.086589,21.031494
105.086559,21.031481
105.086609,21.031486
105.086762,21.031503
105.086856,21.031511
105.086963,21.031517
105.086976,21.031517
105.087124,21.031509
105.0872,21.031505
105.087284,21.031501
105.087346,21.031497
105.08739,21.031496
105.087436,21.031497
105.087477,21.031501
105.087496,21.031509
105.087516,21.031519
105.087538,21.031535
105.087574,21.03156
105.087615,21.031577
105.087632,21.031581
105.087649,21.031585
105.087668,21.031586
105.087687,21.031585
105.087736,21.031584
105.087826,21.031578
105.087942,21.031574
105.088048,21.031573
105.088097,21.031573
105.08813,21.031574
105.088166,21.031576
105.088736,21.031638
105.088832,21.031638
105.090009,21.031429
105.090105,21.031429
105.090564,21.031461
105.090842,21.031491
105.090994,21.031497
105.091223,21.031516
105.091525,21.03155
105.091822,21.031579
105.093057,21.031554
105.093275,21.031595
105.093413,21.031634
105.093479,21.031641
105.093562,21.031633
105.093674,21.03161
105.094045,21.031538
105.094086,21.031535
105.094154,21.031531
105.094198,21.031529
105.094234,21.031527
105.09428,21.031524
105.094318,21.031524
105.094359,21.03153
105.094457,21.031547
105.094485,21.031551
105.094511,21.031556
105.094547,21.031563
105.094571,21.031566
105.094611,21.031574
105.094658,21.031582
105.094827,21.03159
105.094917,21.031594
105.094967,21.031596
105.095007,21.031598
105.095085,21.031602
105.09515,21.031603
105.095189,21.031602
105.095266,21.0316
105.095438,21.031588
105.095482,21.031585
105.095745,21.031611
105.095862,21.031584
105.095952,21.031554
105.096672,21.031508
105.096736,21.031508
105.097286,21.031474
105.098802,21.031429
105.099559,21.031574
105.100299,21.031562
105.10033,21.031559
105.100376,21.031556
105.100459,21.03156
105.100499,21.03156
105.100544,21.031563
105.100599,21.031567
105.100603,21.031567
105.100637,21.031564
105.10067,21.031559
105.100714,21.031548
105.100757,21.031533
105.100782,21.031524
105.100805,21.031516
105.100847,21.03151
105.100872,21.031507
105.100895,21.031505
105.101162,21.031511
105.101254,21.031517
105.101316,21.031524
105.101375,21.03153
105.101387,21.031531
105.101396,21.031531
105.101404,21.03153
105.101441,21.031528
105.101462,21.031526
105.101485,21.031525
105.101524,21.031522
105.101539,21.031522
105.101549,21.031521
105.101615,21.031521
105.101912,21.031527
105.10265,21.031471
105.102968,21.031478
105.103057,21.031529
105.104036,21.031464
105.104347,21.031448
105.104448,21.031447
105.104523,21.031451
105.104607,21.031461
105.104701,21.031478
105.10476,21.031481
105.104809,21.031476
105.104852,21.031467
105.104924,21.031449
105.104985,21.031435
105.105085,21.031414
105.105132,21.031409
105.105164,21.031404
105.105998,21.031374
105.106785,21.031376
105.107119,21.031356
105.107106,21.031886
105.106773,21.031886
105.106256,21.031886
105.105869,21.031887
105.105464,21.031887
105.105244,21.031887
105.105148,21.031887
105.105056,21.03188
105.104971,21.031875
105.104909,21.031873
105.104823,21.03187
105.10475,21.031872
105.10467,21.031885
105.104593,21.0319
105.104499,21.031921
105.104397,21.031942
105.104347,21.03195
105.104036,21.03197
105.103988,21.03197
105.103818,21.031957
105.103565,21.031933
105.103366,21.031933
105.103058,21.031922
105.102961,21.031919
105.102651,21.031984
105.101912,21.031935
105.101816,21.031936
105.101731,21.031924
105.101566,21.031917
105.101434,21.031917
105.101223,21.031917
105.101095,21.031918
105.100913,21.031926
