105.070407,21.032053,gray,GU1f
105.070419,21.032051
105.070428,21.032048
105.070436,21.032045
105.070443,21.032041
105.070487,21.032001
105.070576,21.031933
105.07064,21.031906
105.07073,21.031892
105.071247,21.031872
105.071575,21.031908
105.071594,21.031919
105.071614,21.031932
105.071638,21.031947
105.071678,21.031974
105.071726,21.031974
105.071774,21.031974
105.071881,21.031975
105.071925,21.031978
105.071978,21.031978
105.072068,21.031986
105.072152,21.031991
105.072214,21.031999
105.072262,21.031999
105.07231,21.031999
105.072476,21.031997
105.072817,21.031905
105.073233,21.031897
105.073295,21.031897
105.073401,21.031896
105.07362,21.031895
105.074018,21.031883
105.074541,21.031866
105.074711,21.031862
105.074807,21.031862
105.075313,21.031893
105.075458,21.031897
105.075783,21.031902
105.07612,21.031939
105.076149,21.031951
105.076247,21.031949
105.076328,21.031943
105.076561,21.031937
105.076722,21.031936
105.07717,21.031935
105.077345,21.031934
105.077393,21.031934
105.077452,21.03194
105.07763,21.031949
105.077744,21.031934
105.077847,21.031871
105.077939,21.031859
105.07815,21.031865
105.078273,21.031881
105.078507,21.031918
105.078763,21.032001
105.078811,21.032001
105.078831,21.032002
105.079226,21.031983
105.079555,21.031997
105.079805,21.031977
105.079864,21.031974
105.079998,21.031974
105.080046,21.031975
105.080055,21.031976
105.080177,21.032003
105.080303,21.032019
105.080361,21.032032
105.080046,21.032049
105.079998,21.032051
105.079796,21.032073
105.079708,21.032081
105.079554,21.032098
105.079317,21.0321
105.079204,21.0321
105.078976,21.032097
105.078811,21.032092
105.078763,21.032092
105.078639,21.03205
105.078432,21.032021
105.077939,21.032021
105.077393,21.032036
105.076197,21.032023
105.074758,21.032036
105.073725,21.032073
105.073475,21.032066
105.073287,21.032063
105.073202,21.03206
105.072769,21.032068
105.072476,21.032106
105.072262,21.032112
105.071726,21.0321
105.071526,21.03202
105.071199,21.032056
105.070669,21.032035
105.070625,21.032035
105.070589,21.032037
105.070549,21.032041
105.070508,21.032046
105.070463,21.032049
105.070417,21.032053
105.070407,21.032053
