517718.0629,2316981.9879,0.0000
517627.5439,2316984.6419,0.0000
517546.7876,2316984.6445,0.0000
517518.1276,2316990.4548,0.0000
517513.1413,2316990.4548,0.0000
517387.6105,2316997.5348,0.0000
517276.6093,2316996.2548,0.0000
517243.6036,2316987.0548,0.0000
517059.5552,2316990.2108,0.0000
516999.2402,2317009.3348,0.0000
516922.2107,2317005.6948,0.0000
516843.5858,2316994.8948,0.0000
516686.1825,2317015.3612,0.0000
516672.2797,2317017.0950,0.0000
516656.5181,2317018.5612,0.0000
516639.0565,2317019.8731,0.0000
516611.3433,2317021.2790,0.0000
516604.4875,2317021.1301,0.0000
516590.3939,2317020.9202,0.0000
516575.0288,2317020.1519,0.0000
516558.5589,2317015.7555,0.0000
516538.4050,2317005.2098,0.0000
516516.5175,2316997.8470,0.0000
516484.9623,2316994.8556,0.0000
516474.7694,2316995.8355,0.0000
516299.2449,2317007.4548,0.0000
516209.7610,2316998.0807,0.0000
516190.5959,2316993.1692,0.0000
516154.8871,2316986.1295,0.0000
516128.1034,2316982.2948,0.0000
516097.2246,2316982.2948,0.0000
516029.3355,2317009.6148,0.0000
515993.8157,2317007.4579,0.0000
515985.2378,2317005.5403,0.0000
515973.8384,2317002.7200,0.0000
515966.3894,2317001.0279,0.0000
515953.7483,2316997.5310,0.0000
515939.7120,2316996.3668,0.0000
515896.9113,2317004.5381,0.0000
515879.9980,2317006.9245,0.0000
515857.7121,2317011.1009,0.0000
515840.4008,2317011.1009,0.0000
515822.7906,2317014.6795,0.0000
515817.3306,2317015.8948,0.0000
515807.3306,2317015.8948,0.0000
515747.9265,2317013.7568,0.0000
515716.9473,2317010.2182,0.0000
515690.3935,2317007.7855,0.0000
515666.4948,2317003.8046,0.0000
515634.8714,2317002.9748,0.0000
515624.8714,2317002.9748,0.0000
515592.4620,2317004.4129,0.0000
515571.4516,2317005.2144,0.0000
515558.8673,2317005.7748,0.0000
515548.8673,2317005.7748,0.0000
515522.5181,2317005.8548,0.0000
515512.5181,2317005.8548,0.0000
515489.3843,2317010.4948,0.0000
515479.3843,2317010.4948,0.0000
515438.9239,2317006.6249,0.0000
515407.7208,2317003.0118,0.0000
515373.6640,2316998.6380,0.0000
515366.8956,2316998.7645,0.0000
515303.6992,2316998.6948,0.0000
515271.2623,2317000.4988,0.0000
515223.5632,2317004.8723,0.0000
515178.4335,2317007.0768,0.0000
515137.8064,2317004.9335,0.0000
514967.2996,2317004.7788,0.0000
514857.9724,2317004.9115,0.0000
514852.9724,2317004.9348,0.0000
514841.7054,2317004.2883,0.0000
514818.8419,2317003.7209,0.0000
514792.8785,2317002.8948,0.0000
514782.8625,2317002.8948,0.0000
514776.6577,2317002.7223,0.0000
514771.1345,2317006.8017,0.0000
514762.7767,2317009.8105,0.0000
514747.8253,2317013.1406,0.0000
514737.0922,2317014.6114,0.0000
514720.8392,2317014.6114,0.0000
514706.2692,2317012.5942,0.0000
514692.1691,2317007.3048,0.0000
514686.7769,2317003.0393,0.0000
514685.1956,2317003.0289,0.0000
514674.9180,2317006.7181,0.0000
514683.7512,2317008.1431,0.0000
514677.7935,2317009.5452,0.0000
514682.5091,2317010.9243,0.0000
514676.8273,2317011.7058,0.0000
514681.8670,2317015.6753,0.0000
514676.2312,2317017.6520,0.0000
514681.9360,2317019.1230,0.0000
514677.3354,2317021.4674,0.0000
514673.2868,2317024.8691,0.0000
514664.8448,2317026.0962,0.0000
514651.4535,2317027.0807,0.0000
514625.6401,2317026.0962,0.0000
514614.4544,2317024.1084,0.0000
514604.6816,2317023.0496,0.0000
514595.0266,2317020.9319,0.0000
514572.9996,2317015.0340,0.0000
514566.4141,2317011.3404,0.0000
514554.8623,2317011.6193,0.0000
514509.1083,2317010.9888,0.0000
514359.5884,2317006.3348,0.0000
514164.8594,2316980.3704,0.0000
514153.5075,2316981.0841,0.0000
514164.8594,2316983.7984,0.0000
514154.2778,2316985.0892,0.0000
514164.8594,2316987.6670,0.0000
514100.0942,2316988.5348,0.0000
514034.3765,2316990.1748,0.0000
514026.5773,2316990.7772,0.0000
514033.5144,2316991.2947,0.0000
514026.7327,2316992.2260,0.0000
514032.7379,2316993.1056,0.0000
514034.3765,2316994.1748,0.0000
514044.3765,2316994.1748,0.0000
514100.0942,2316991.7348,0.0000
514164.8594,2316993.6929,0.0000
514153.5075,2316996.1654,0.0000
514164.8594,2316998.3793,0.0000
514154.2778,2317000.1122,0.0000
514164.8594,2317001.7348,0.0000
514157.4731,2317004.0737,0.0000
514164.8594,2317005.5933,0.0000
514158.4571,2317006.4872,0.0000
514164.8594,2317007.7246,0.0000
514100.0942,2317009.7348,0.0000
514090.0942,2317009.7348,0.0000
514044.3765,2317010.5748,0.0000
514034.3765,2317010.5748,0.0000
514023.6744,2317012.8948,0.0000
514013.6744,2317012.8948,0.0000
513989.6173,2317008.8148,0.0000
513979.6173,2317008.8148,0.0000
513880.7365,2317005.9947,0.0000
513903.8559,2317002.7066,0.0000
513880.9218,2316999.4960,0.0000
513903.3993,2316999.4960,0.0000
513880.9218,2316994.7597,0.0000
513903.3993,2316994.7597,0.0000
513880.8481,2316991.0462,0.0000
513790.0567,2316992.5748,0.0000
513780.0567,2316992.5748,0.0000
513756.5985,2316993.5108,0.0000
513733.1404,2316994.4468,0.0000
513669.8650,2317011.1524,0.0000
513591.6815,2317021.6623,0.0000
513508.6396,2317013.7105,0.0000
513457.3212,2317011.9017,0.0000
513457.3212,2317104.2940,0.0000
513537.9703,2317104.2335,0.0000
513669.8650,2317071.3133,0.0000
513699.1807,2317059.9184,0.0000
513710.3424,2317051.8938,0.0000
513726.5956,2317043.4780,0.0000
513744.4155,2317037.4109,0.0000
513770.1153,2317033.3545,0.0000
513780.0585,2317032.9748,0.0000
513790.0567,2317032.9748,0.0000
513806.8980,2317034.7167,0.0000
513835.1209,2317039.3205,0.0000
513876.6897,2317044.7306,0.0000
513913.5090,2317047.0334,0.0000
513939.5303,2317048.4345,0.0000
513989.6173,2317053.6148,0.0000
514023.6744,2317070.8948,0.0000
514044.3765,2317072.1748,0.0000
514100.0942,2317068.9348,0.0000
514140.1721,2317065.1354,0.0000
514152.7863,2317061.8098,0.0000
514161.1279,2317062.7222,0.0000
514169.7664,2317071.1287,0.0000
514171.7077,2317074.2217,0.0000
514174.1791,2317075.5888,0.0000
514180.0964,2317078.8402,0.0000
514182.7144,2317080.0969,0.0000
514184.5160,2317080.5808,0.0000
514185.9712,2317080.6891,0.0000
514190.3318,2317076.6484,0.0000
514216.8454,2317068.2512,0.0000
514246.9802,2317062.7497,0.0000
514247.2106,2317062.6852,0.0000
514295.5642,2317054.3819,0.0000
514319.4626,2317050.4479,0.0000
514344.4145,2317047.0210,0.0000
514349.5884,2317045.2828,0.0000
514359.5884,2317044.3348,0.0000
514509.1083,2317037.0548,0.0000
514517.7513,2317037.1551,0.0000
514523.5255,2317037.9582,0.0000
514526.6123,2317038.7181,0.0000
514529.7047,2317040.3889,0.0000
514531.7761,2317042.1564,0.0000
514534.1005,2317045.2811,0.0000
514542.2053,2317057.3486,0.0000
514545.8824,2317061.6142,0.0000
514547.8454,2317063.4853,0.0000
514550.8834,2317065.5341,0.0000
514553.7109,2317067.0586,0.0000
514555.7145,2317067.7022,0.0000
514558.5499,2317068.2444,0.0000
514570.3738,2317070.4258,0.0000
514580.4273,2317072.5175,0.0000
514595.4917,2317074.9293,0.0000
514603.6192,2317075.9562,0.0000
514608.8227,2317076.4076,0.0000
514612.4773,2317076.5918,0.0000
514617.4718,2317076.8948,0.0000
514628.4530,2317076.8948,0.0000
514653.5971,2317077.2854,0.0000
514659.8626,2317077.0682,0.0000
514666.1025,2317073.0336,0.0000
514673.7300,2317069.7892,0.0000
514685.4280,2317065.7978,0.0000
514696.7397,2317067.0206,0.0000
514711.8585,2317070.5864,0.0000
514724.1872,2317076.1016,0.0000
514733.0025,2317078.3887,0.0000
514744.1448,2317079.9348,0.0000
514766.7785,2317077.8449,0.0000
514775.7863,2317074.7418,0.0000
514792.8785,2317075.4349,0.0000
514818.8623,2317076.7698,0.0000
514853.1210,2317078.3430,0.0000
514855.4761,2317078.0476,0.0000
514856.4357,2317078.3993,0.0000
514873.6406,2317083.0412,0.0000
514883.2724,2317078.1285,0.0000
514886.4204,2317076.6805,0.0000
514895.1147,2317074.5834,0.0000
514906.2760,2317071.6764,0.0000
514964.4618,2317064.3788,0.0000
515022.3679,2317059.2347,0.0000
515136.3602,2317063.3356,0.0000
515273.7664,2317050.4351,0.0000
515484.3843,2317086.4948,0.0000
515509.4033,2317090.3925,0.0000
515521.6160,2317093.8965,0.0000
515558.8673,2317092.1748,0.0000
515562.1185,2317092.4874,0.0000
515568.7085,2317093.9300,0.0000
515575.0292,2317095.5452,0.0000
515580.4966,2317096.8541,0.0000
515588.3260,2317098.1683,0.0000
515589.6984,2317098.3954,0.0000
515590.7084,2317098.5043,0.0000
515594.1534,2317098.7028,0.0000
515597.3933,2317098.8904,0.0000
515605.9490,2317099.7188,0.0000
515613.2728,2317100.3496,0.0000
515624.4884,2317100.7348,0.0000
515630.7618,2317101.3844,0.0000
515634.9150,2317101.4904,0.0000
515639.3352,2317101.2248,0.0000
515644.1826,2317100.9264,0.0000
515649.7117,2317100.4997,0.0000
515654.6077,2317100.2232,0.0000
515657.5800,2317100.1343,0.0000
515660.9385,2317100.1179,0.0000
515665.1133,2317100.0976,0.0000
515672.2794,2317100.0241,0.0000
515679.6044,2317099.9490,0.0000
515682.4951,2317099.4095,0.0000
515685.1710,2317098.3031,0.0000
515686.6233,2317097.5299,0.0000
515688.2309,2317096.3717,0.0000
515689.9409,2317094.1551,0.0000
515691.2009,2317091.6916,0.0000
515692.0316,2317088.3878,0.0000
515691.0975,2317084.9856,0.0000
515689.6637,2317082.8716,0.0000
515687.4419,2317081.3836,0.0000
515684.7893,2317079.9924,0.0000
515681.8895,2317078.9672,0.0000
515679.9199,2317078.1546,0.0000
515677.5218,2317077.3028,0.0000
515670.2828,2317076.7701,0.0000
515662.0756,2317075.7273,0.0000
515648.3943,2317070.3184,0.0000
515639.9294,2317065.9348,0.0000
515631.6551,2317064.6908,0.0000
515624.4884,2317063.5348,0.0000
515618.2176,2317063.0269,0.0000
515607.0184,2317061.5127,0.0000
515598.6768,2317059.9401,0.0000
515594.1534,2317058.7939,0.0000
515589.7434,2317056.2256,0.0000
515584.2719,2317053.0547,0.0000
515581.1464,2317051.5808,0.0000
515586.2704,2317052.1475,0.0000
515602.1928,2317053.9664,0.0000
515612.0068,2317054.9561,0.0000
515623.1354,2317055.5348,0.0000
515624.4884,2317055.5348,0.0000
515639.8019,2317054.6989,0.0000
515647.6987,2317054.2538,0.0000
515656.4883,2317053.7880,0.0000
515662.9576,2317053.3657,0.0000
515667.5218,2317053.3041,0.0000
515672.2794,2317053.3390,0.0000
515676.4809,2317053.8292,0.0000
515678.4687,2317054.6850,0.0000
515680.5708,2317055.8709,0.0000
515682.8806,2317057.5499,0.0000
515686.5728,2317060.3419,0.0000
515690.8394,2317062.2407,0.0000
515692.6802,2317062.7377,0.0000
515694.3722,2317063.1260,0.0000
515696.4133,2317063.2870,0.0000
515698.3697,2317063.1740,0.0000
515703.4260,2317063.0006,0.0000
515712.8419,2317062.4273,0.0000
515724.8322,2317061.9816,0.0000
515735.8275,2317061.8234,0.0000
515740.9690,2317061.8312,0.0000
515744.3438,2317061.9024,0.0000
515748.1230,2317062.1874,0.0000
515807.3306,2317069.0948,0.0000
515817.3306,2317069.0948,0.0000
515939.7120,2317045.9668,0.0000
515949.7120,2317045.9668,0.0000
515997.4129,2317049.5624,0.0000
516026.2865,2317052.8653,0.0000
516042.1156,2317053.5898,0.0000
516065.9138,2317055.6760,0.0000
516097.2246,2317059.4948,0.0000
516128.1034,2317062.6948,0.0000
516256.5327,2317060.0192,0.0000
516279.1870,2317064.6078,0.0000
516293.4755,2317068.9506,0.0000
516300.3623,2317069.6548,0.0000
516308.9998,2317068.8512,0.0000
516320.5965,2317066.2896,0.0000
516359.1628,2317058.2778,0.0000
516363.4036,2317057.9914,0.0000
516370.4713,2317057.5811,0.0000
516375.1300,2317057.3231,0.0000
516378.8461,2317057.1441,0.0000
516383.5641,2317056.8228,0.0000
516387.5546,2317056.8228,0.0000
516391.8722,2317057.4458,0.0000
516402.0578,2317059.3663,0.0000
516404.9269,2317059.7852,0.0000
516407.6435,2317060.3556,0.0000
516411.3660,2317061.0767,0.0000
516413.8837,2317061.3965,0.0000
516417.9904,2317062.2815,0.0000
516422.9183,2317063.1709,0.0000
516440.5148,2317064.0888,0.0000
516449.8571,2317064.5761,0.0000
516454.9680,2317064.8427,0.0000
516459.1823,2317065.0626,0.0000
516467.3068,2317065.4864,0.0000
516473.9900,2317065.5631,0.0000
516478.1319,2317065.5123,0.0000
516486.0903,2317065.2234,0.0000
516503.9958,2317063.9560,0.0000
516508.5639,2317063.6327,0.0000
516535.8623,2317066.5498,0.0000
516548.0299,2317063.5201,0.0000
516557.4108,2317060.1751,0.0000
516632.2623,2317055.1334,0.0000
516638.9068,2317055.1334,0.0000
516696.0781,2317051.3748,0.0000
516853.5858,2317046.4948,0.0000
516932.3466,2317062.6774,0.0000
517009.2402,2317061.3348,0.0000
517012.4519,2317060.9981,0.0000
517017.2679,2317060.7114,0.0000
517025.8942,2317061.1485,0.0000
517030.0320,2317061.1990,0.0000
517034.6854,2317061.5152,0.0000
517040.3809,2317061.9021,0.0000
517040.8623,2317061.9348,0.0000
517044.3518,2317061.6551,0.0000
517047.8065,2317061.0355,0.0000
517052.3040,2317059.8058,0.0000
517056.7931,2317058.1378,0.0000
517059.3860,2317057.1475,0.0000
517061.8606,2317056.3555,0.0000
517066.1384,2317055.6599,0.0000
517068.8027,2317055.2597,0.0000
517071.1551,2317055.0496,0.0000
517098.8766,2317055.7222,0.0000
517108.4578,2317056.4807,0.0000
517114.8933,2317057.2034,0.0000
517121.0985,2317057.8595,0.0000
517122.3156,2317057.9659,0.0000
517123.2185,2317057.9818,0.0000
517124.0321,2317057.9404,0.0000
517127.9145,2317057.6969,0.0000
517130.0807,2317057.5002,0.0000
517132.4542,2317057.3346,0.0000
517136.5634,2317057.0618,0.0000
517138.0514,2317056.9890,0.0000
517139.1453,2317056.9614,0.0000
517145.9900,2317056.8653,0.0000
517176.8820,2317057.6148,0.0000
517253.6036,2317051.4548,0.0000
517286.6093,2317052.2548,0.0000
517295.9192,2317057.8548,0.0000
517397.6105,2317050.7348,0.0000
517429.9324,2317048.9661,0.0000
517440.4226,2317048.9440,0.0000
517448.2494,2317049.3537,0.0000
517456.9945,2317050.5170,0.0000
517466.7889,2317052.3193,0.0000
517472.8623,2317052.7290,0.0000
517478.0263,2317052.1391,0.0000
517482.4863,2317051.1069,0.0000
517489.9195,2317049.1243,0.0000
517496.2597,2317047.6496,0.0000
517506.6430,2317045.3420,0.0000
517511.6072,2317044.7659,0.0000
517514.8955,2317044.1770,0.0000
517601.6118,2317040.8999,0.0000
517683.3427,2317041.2070,0.0000
517718.0629,2317039.0575,0.0000
517718.0629,2316981.9879,0.0000
