105.069529,21.031878,red,tbmlining
105.069052,21.031941
105.069529,21.031878
105.069536,21.031877
105.069543,21.031876
105.069551,21.031876
105.069558,21.031875
105.069566,21.031874
105.069573,21.031873
105.06958,21.031872
105.069588,21.031871
105.069595,21.03187
105.069603,21.031869
105.06961,21.031868
105.069617,21.031867
105.069625,21.031866
105.069632,21.031866
105.06964,21.031865
105.069647,21.031864
105.069654,21.031863
105.069662,21.031862
105.069669,21.031861
105.069677,21.031861
105.069684,21.03186
105.069692,21.031859
105.069699,21.031858
105.069706,21.031857
105.069714,21.031857
105.069721,21.031856
105.069729,21.031855
105.069736,21.031854
105.069743,21.031854
105.069751,21.031853
105.069758,21.031852
105.069766,21.031852
105.069773,21.031851
105.06978,21.03185
105.069788,21.031849
105.069795,21.031849
105.069803,21.031848
105.06981,21.031847
105.069817,21.031847
105.069825,21.031846
105.069832,21.031846
105.06984,21.031845
105.069847,21.031844
105.069854,21.031844
105.069862,21.031843
105.069869,21.031843
105.069877,21.031842
105.07059,21.031787
105.070598,21.031786
105.070607,21.031785
105.070615,21.031785
105.070624,21.031784
105.070632,21.031784
105.07064,21.031783
105.070649,21.031783
105.070657,21.031782
105.070665,21.031781
105.070674,21.031781
105.070682,21.03178
105.070691,21.03178
105.070699,21.031779
105.070707,21.031779
105.070716,21.031779
105.070724,21.031778
105.070732,21.031778
105.070741,21.031777
105.070749,21.031777
105.070758,21.031777
105.070766,21.031776
105.070774,21.031776
105.070783,21.031775
105.070791,21.031775
105.070799,21.031775
105.070808,21.031775
105.070816,21.031774
105.070825,21.031774
105.070833,21.031774
105.070841,21.031773
105.07085,21.031773
105.070858,21.031773
105.070866,21.031773
105.070875,21.031773
105.070883,21.031772
105.070892,21.031772
105.0709,21.031772
105.070908,21.031772
105.070917,21.031772
105.070925,21.031772
105.070933,21.031772
105.070942,21.031772
105.07095,21.031772
105.070959,21.031772
105.070967,21.031771
105.070975,21.031771
105.070984,21.031771
105.072517,21.031771
105.072531,21.031771
105.072544,21.031771
105.072557,21.031771
105.07257,21.031771
105.072583,21.03177
105.072596,21.03177
105.072609,21.03177
105.072623,21.03177
105.072636,21.03177
105.072649,21.031769
105.072662,21.031769
105.072675,21.031769
105.072688,21.031768
105.072702,21.031768
105.072715,21.031768
105.072728,21.031767
105.072741,21.031767
105.072754,21.031766
105.072767,21.031766
105.072781,21.031765
105.072794,21.031765
105.072807,21.031764
105.07282,21.031764
105.072833,21.031763
105.072846,21.031762
105.07286,21.031762
105.072873,21.031761
105.072886,21.03176
105.072899,21.031759
105.072912,21.031758
105.072925,21.031758
105.072938,21.031757
105.072952,21.031756
105.072965,21.031755
105.072978,21.031754
105.072991,21.031753
105.073004,21.031752
105.073017,21.031751
105.073031,21.03175
105.073044,21.031749
105.073057,21.031748
105.07307,21.031747
105.073083,21.031746
105.073096,21.031744
105.073109,21.031743
105.073123,21.031742
105.073136,21.031741
105.078923,21.031179
105.078941,21.031178
105.07896,21.031176
105.078978,21.031174
105.078996,21.031173
105.079015,21.031171
105.079033,21.03117
105.079052,21.031168
105.07907,21.031167
105.079089,21.031165
105.079107,21.031164
105.079125,21.031163
105.079144,21.031162
105.079162,21.031161
105.079181,21.03116
105.079199,21.031159
105.079218,21.031158
105.079236,21.031157
105.079254,21.031156
105.079273,21.031155
105.079291,21.031154
105.07931,21.031154
105.079328,21.031153
105.079347,21.031152
105.079365,21.031152
105.079384,21.031151
105.079402,21.031151
105.07942,21.03115
105.079439,21.03115
105.079457,21.03115
105.079476,21.03115
105.079494,21.031149
105.079513,21.031149
105.079531,21.031149
105.079549,21.031149
105.079568,21.031149
105.079586,21.031149
105.079605,21.03115
105.079623,21.03115
105.079642,21.03115
105.07966,21.03115
105.079678,21.031151
105.079697,21.031151
105.079715,21.031152
105.079734,21.031152
105.079752,21.031153
105.079771,21.031153
105.079789,21.031154
105.080868,21.031196
105.080873,21.031196
105.080879,21.031196
105.080885,21.031197
105.080891,21.031197
105.080897,21.031197
105.080902,21.031197
105.080908,21.031198
105.080914,21.031198
105.08092,21.031198
105.080925,21.031199
105.080931,21.031199
105.080937,21.031199
105.080943,21.0312
105.080948,21.0312
105.080954,21.0312
105.08096,21.031201
105.080966,21.031201
105.080971,21.031201
105.080977,21.031202
105.080983,21.031202
105.080989,21.031203
105.080994,21.031203
105.081,21.031203
105.081006,21.031204
105.081012,21.031204
105.081018,21.031205
105.081023,21.031205
105.081029,21.031206
105.081035,21.031206
105.081041,21.031207
105.081046,21.031207
105.081052,21.031207
105.081058,21.031208
105.081064,21.031209
105.081069,21.031209
105.081075,21.03121
105.081081,21.03121
105.081087,21.031211
105.081092,21.031211
105.081098,21.031212
105.081104,21.031212
105.08111,21.031213
105.081115,21.031214
105.081121,21.031214
105.081127,21.031215
105.081133,21.031215
105.081139,21.031216
105.084194,21.03155
105.084202,21.031551
105.08421,21.031552
105.084219,21.031553
105.084227,21.031554
105.084236,21.031555
105.084244,21.031555
105.084252,21.031556
105.084261,21.031557
105.084269,21.031558
105.084278,21.031559
105.084286,21.03156
105.084294,21.031561
105.084303,21.031562
105.084311,21.031562
105.08432,21.031563
105.084328,21.031564
105.084337,21.031565
105.084345,21.031566
105.084353,21.031567
105.084362,21.031568
105.08437,21.031568
105.084379,21.031569
105.084387,21.03157
105.084395,21.031571
105.084404,21.031572
105.084412,21.031573
105.084421,21.031573
105.084429,21.031574
105.084438,21.031575
105.084446,21.031576
105.084454,21.031577
105.084463,21.031577
105.084471,21.031578
105.08448,21.031579
105.084488,21.03158
105.084496,21.031581
105.084505,21.031581
105.084513,21.031582
105.084522,21.031583
105.08453,21.031584
105.084539,21.031584
105.084547,21.031585
105.084555,21.031586
105.084564,21.031587
105.084572,21.031587
105.084581,21.031588
105.084589,21.031589
105.085145,21.031637
105.085153,21.031638
105.08516,21.031639
105.085167,21.031639
105.085174,21.03164
105.085181,21.03164
105.085188,21.031641
105.085196,21.031641
105.085203,21.031642
105.08521,21.031642
105.085217,21.031643
105.085224,21.031643
105.085232,21.031644
105.085239,21.031644
105.085246,21.031645
105.085253,21.031645
105.08526,21.031646
105.085267,21.031646
105.085275,21.031646
105.085282,21.031647
105.085289,21.031647
105.085296,21.031648
105.085303,21.031648
105.08531,21.031648
105.085318,21.031649
105.085325,21.031649
105.085332,21.031649
105.085339,21.031649
105.085346,21.03165
105.085354,21.03165
105.085361,21.03165
105.085368,21.03165
105.085375,21.031651
105.085382,21.031651
105.085389,21.031651
105.085397,21.031651
105.085404,21.031651
105.085411,21.031651
105.085418,21.031651
105.085425,21.031652
105.085433,21.031652
105.08544,21.031652
105.085447,21.031652
105.085454,21.031652
105.085461,21.031652
105.085468,21.031652
105.085476,21.031652
105.085483,21.031652
105.087252,21.031651
105.087263,21.031651
105.087275,21.031651
105.087286,21.031651
105.087297,21.031651
105.087308,21.031651
105.08732,21.031651
105.087331,21.031651
105.087342,21.03165
105.087353,21.03165
105.087365,21.03165
105.087376,21.03165
105.087387,21.03165
105.087398,21.031649
105.08741,21.031649
105.087421,21.031649
105.087432,21.031648
105.087443,21.031648
105.087454,21.031648
105.087466,21.031647
105.087477,21.031647
105.087488,21.031647
105.087499,21.031646
105.087511,21.031646
105.087522,21.031645
105.087533,21.031645
105.087544,21.031644
105.087556,21.031644
105.087567,21.031643
105.087578,21.031643
105.087589,21.031642
105.087601,21.031641
105.087612,21.031641
105.087623,21.03164
105.087634,21.03164
105.087645,21.031639
105.087657,21.031638
105.087668,21.031637
105.087679,21.031637
105.08769,21.031636
105.087702,21.031635
105.087713,21.031634
105.087724,21.031633
105.087735,21.031633
105.087747,21.031632
105.087758,21.031631
105.087769,21.03163
105.08778,21.031629
105.090578,21.031397
105.090596,21.031395
105.090615,21.031394
105.090633,21.031393
105.090651,21.031391
105.090669,21.03139
105.090687,21.031389
105.090705,21.031388
105.090723,21.031387
105.090742,21.031386
105.09076,21.031385
105.090778,21.031384
105.090796,21.031384
105.090814,21.031383
105.090832,21.031382
105.09085,21.031382
105.090869,21.031381
105.090887,21.031381
105.090905,21.03138
105.090923,21.03138
105.090941,21.03138
105.090959,21.03138
105.090977,21.031379
105.090996,21.031379
105.091014,21.031379
105.091032,21.031379
105.09105,21.03138
105.091068,21.03138
105.091086,21.03138
105.091104,21.03138
105.091123,21.031381
105.091141,21.031381
105.091159,21.031382
105.091177,21.031382
105.091195,21.031383
105.091213,21.031384
105.091231,21.031384
105.09125,21.031385
105.091268,21.031386
105.091286,21.031387
105.091304,21.031388
105.091322,21.031389
105.09134,21.031391
105.091358,21.031392
105.091377,21.031393
105.091395,21.031394
105.091413,21.031396
105.091431,21.031397
105.094078,21.031619
105.094085,21.03162
105.094092,21.03162
105.094099,21.031621
105.094105,21.031621
105.094112,21.031622
105.094119,21.031622
105.094126,21.031623
105.094133,21.031623
105.09414,21.031624
105.094147,21.031624
105.094154,21.031625
105.094161,21.031625
105.094168,21.031626
105.094175,21.031626
105.094181,21.031627
105.094188,21.031627
105.094195,21.031627
105.094202,21.031628
105.094209,21.031628
105.094216,21.031628
105.094223,21.031629
105.09423,21.031629
105.094237,21.031629
105.094244,21.03163
105.09425,21.03163
105.094257,21.03163
105.094264,21.03163
105.094271,21.031631
105.094278,21.031631
105.094285,21.031631
105.094292,21.031631
105.094299,21.031631
105.094306,21.031632
105.094313,21.031632
105.09432,21.031632
105.094326,21.031632
105.094333,21.031632
105.09434,21.031632
105.094347,21.031632
105.094354,21.031632
105.094361,21.031633
105.094368,21.031633
105.094375,21.031633
105.094382,21.031633
105.094389,21.031633
105.094396,21.031633
105.094402,21.031633
105.095504,21.031632
105.095516,21.031632
105.095527,21.031632
105.095539,21.031632
105.095551,21.031632
105.095563,21.031632
105.095574,21.031632
105.095586,21.031632
105.095598,21.031631
105.09561,21.031631
105.095621,21.031631
105.095633,21.031631
105.095645,21.03163
105.095656,21.03163
105.095668,21.03163
105.09568,21.03163
105.095692,21.031629
105.095703,21.031629
105.095715,21.031628
105.095727,21.031628
105.095738,21.031628
105.09575,21.031627
105.095762,21.031627
105.095774,21.031626
105.095785,21.031626
105.095797,21.031625
105.095809,21.031624
105.09582,21.031624
105.095832,21.031623
105.095844,21.031623
105.095856,21.031622
105.095867,21.031621
105.095879,21.031621
105.095891,21.03162
105.095902,21.031619
105.095914,21.031618
105.095926,21.031617
105.095938,21.031617
105.095949,21.031616
105.095961,21.031615
105.095973,21.031614
105.095984,21.031613
105.095996,21.031612
105.096008,21.031611
105.09602,21.03161
105.096031,21.031609
105.096043,21.031608
105.096055,21.031607
105.09859,21.031379
105.098607,21.031377
105.098624,21.031376
105.098642,21.031375
105.098659,21.031373
105.098677,21.031372
105.098694,21.031371
105.098712,21.03137
105.098729,21.031369
105.098747,21.031368
105.098764,21.031367
105.098782,21.031366
105.098799,21.031366
105.098816,21.031365
105.098834,21.031365
105.098851,21.031364
105.098869,21.031364
105.098886,21.031364
105.098904,21.031363
105.098921,21.031363
105.098939,21.031363
105.098956,21.031363
105.098973,21.031364
105.098991,21.031364
105.099008,21.031364
105.099026,21.031364
105.099043,21.031365
105.099061,21.031365
105.099078,21.031366
105.099096,21.031367
105.099113,21.031367
105.099131,21.031368
105.099148,21.031369
105.099165,21.03137
105.099183,21.031371
105.0992,21.031372
105.099218,21.031374
105.099235,21.031375
105.099253,21.031376
105.09927,21.031378
105.099288,21.03138
105.099305,21.031381
105.099322,21.031383
105.09934,21.031385
105.099357,21.031387
105.099375,21.031389
105.099392,21.031391
105.09941,21.031393
105.100318,21.031505
105.10033,21.031506
105.100342,21.031508
105.100354,21.031509
105.100366,21.031511
105.100379,21.031512
105.100391,21.031513
105.100403,21.031515
105.100415,21.031516
105.100427,21.031517
105.100439,21.031518
105.100452,21.03152
105.100464,21.031521
105.100476,21.031522
105.100488,21.031523
105.1005,21.031524
105.100513,21.031525
105.100525,21.031526
105.100537,21.031527
105.100549,21.031528
105.100561,21.031529
105.100574,21.03153
105.100586,21.03153
105.100598,21.031531
105.10061,21.031532
105.100622,21.031533
105.100635,21.031533
105.100647,21.031534
105.100659,21.031535
105.100671,21.031535
105.100683,21.031536
105.100696,21.031536
105.100708,21.031537
105.10072,21.031537
105.100732,21.031538
105.100744,21.031538
105.100757,21.031538
105.100769,21.031539
105.100781,21.031539
105.100793,21.031539
105.100805,21.031539
105.100818,21.03154
105.10083,21.03154
105.100842,21.03154
105.100854,21.03154
105.100866,21.03154
105.100879,21.03154
105.100891,21.03154
105.105296,21.031538
105.105296,21.03131
105.100891,21.031313
105.100878,21.031313
105.100866,21.031313
105.100854,21.031312
105.100842,21.031312
105.10083,21.031312
105.100817,21.031312
105.100805,21.031312
105.100793,21.031312
105.100781,21.031311
105.100769,21.031311
105.100756,21.031311
105.100744,21.03131
105.100732,21.03131
105.10072,21.03131
105.100708,21.031309
105.100695,21.031309
105.100683,21.031308
105.100671,21.031307
105.100659,21.031307
105.100647,21.031306
105.100634,21.031306
105.100622,21.031305
105.10061,21.031304
105.100598,21.031303
105.100586,21.031303
105.100574,21.031302
105.100561,21.031301
105.100549,21.0313
105.100537,21.031299
105.100525,21.031298
105.100513,21.031297
105.1005,21.031296
105.100488,21.031295
105.100476,21.031294
105.100464,21.031293
105.100452,21.031292
105.100439,21.031291
105.100427,21.03129
105.100415,21.031288
105.100403,21.031287
105.100391,21.031286
105.100378,21.031284
105.100366,21.031283
105.100354,21.031282
105.100342,21.03128
105.10033,21.031279
105.100317,21.031277
105.09941,21.031165
105.099392,21.031163
105.099375,21.031161
105.099357,21.031159
105.09934,21.031157
105.099322,21.031155
105.099305,21.031154
105.099287,21.031152
105.09927,21.03115
105.099253,21.031149
105.099235,21.031147
105.099218,21.031146
105.0992,21.031145
105.099183,21.031144
105.099165,21.031143
105.099148,21.031142
105.09913,21.031141
105.099113,21.03114
105.099096,21.031139
105.099078,21.031138
105.099061,21.031138
105.099043,21.031137
105.099026,21.031137
105.099008,21.031136
105.098991,21.031136
105.098973,21.031136
105.098956,21.031136
105.098938,21.031136
105.098921,21.031136
105.098904,21.031136
105.098886,21.031136
105.098869,21.031136
105.098851,21.031137
105.098834,21.031137
105.098816,21.031138
105.098799,21.031138
105.098781,21.031139
105.098764,21.03114
105.098746,21.03114
105.098729,21.031141
105.098712,21.031142
105.098694,21.031143
105.098677,21.031144
105.098659,21.031146
105.098642,21.031147
105.098624,21.031148
105.098607,21.03115
105.098589,21.031151
105.096055,21.03138
105.096043,21.031381
105.096031,21.031382
105.096019,21.031383
105.096008,21.031384
105.095996,21.031385
105.095984,21.031385
105.095973,21.031386
105.095961,21.031387
105.095949,21.031388
105.095937,21.031389
105.095926,21.03139
105.095914,21.031391
105.095902,21.031391
105.095891,21.031392
105.095879,21.031393
105.095867,21.031394
105.095855,21.031394
105.095844,21.031395
105.095832,21.031396
105.09582,21.031396
105.095809,21.031397
105.095797,21.031397
105.095785,21.031398
105.095773,21.031398
105.095762,21.031399
105.09575,21.031399
105.095738,21.0314
105.095727,21.0314
105.095715,21.031401
105.095703,21.031401
105.095691,21.031402
105.09568,21.031402
105.095668,21.031402
105.095656,21.031403
105.095645,21.031403
105.095633,21.031403
105.095621,21.031403
105.095609,21.031404
105.095598,21.031404
105.095586,21.031404
105.095574,21.031404
105.095562,21.031404
105.095551,21.031404
105.095539,21.031404
105.095527,21.031404
105.095516,21.031404
105.095504,21.031405
105.094402,21.031405
105.094395,21.031405
105.094389,21.031405
105.094382,21.031405
105.094375,21.031405
105.094368,21.031405
105.094361,21.031405
105.094354,21.031405
105.094347,21.031405
105.09434,21.031405
105.094333,21.031405
105.094326,21.031404
105.094319,21.031404
105.094313,21.031404
105.094306,21.031404
105.094299,21.031404
105.094292,21.031404
105.094285,21.031403
105.094278,21.031403
105.094271,21.031403
105.094264,21.031403
105.094257,21.031402
105.09425,21.031402
105.094243,21.031402
105.094237,21.031402
105.09423,21.031401
105.094223,21.031401
105.094216,21.031401
105.094209,21.0314
105.094202,21.0314
105.094195,21.0314
105.094188,21.031399
105.094181,21.031399
105.094174,21.031398
105.094167,21.031398
105.094161,21.031398
105.094154,21.031397
105.094147,21.031397
105.09414,21.031396
105.094133,21.031396
105.094126,21.031395
105.094119,21.031395
105.094112,21.031394
105.094105,21.031394
105.094098,21.031393
105.094091,21.031393
105.094085,21.031392
105.094078,21.031392
105.091431,21.03117
105.091413,21.031168
105.091395,21.031167
105.091376,21.031165
105.091358,21.031164
105.09134,21.031163
105.091322,21.031162
105.091304,21.031161
105.091286,21.03116
105.091268,21.031159
105.091249,21.031158
105.091231,21.031157
105.091213,21.031156
105.091195,21.031155
105.091177,21.031155
105.091159,21.031154
105.091141,21.031154
105.091122,21.031153
105.091104,21.031153
105.091086,21.031152
105.091068,21.031152
105.09105,21.031152
105.091032,21.031152
105.091014,21.031152
105.090995,21.031152
105.090977,21.031152
105.090959,21.031152
105.090941,21.031152
105.090923,21.031152
105.090905,21.031153
105.090887,21.031153
105.090868,21.031153
105.09085,21.031154
105.090832,21.031155
105.090814,21.031155
105.090796,21.031156
105.090778,21.031157
105.09076,21.031157
105.090741,21.031158
105.090723,21.031159
105.090705,21.03116
105.090687,21.031161
105.090669,21.031163
105.090651,21.031164
105.090633,21.031165
105.090614,21.031166
105.090596,21.031168
105.090578,21.031169
105.08778,21.031401
105.087769,21.031402
105.087758,21.031403
105.087746,21.031404
105.087735,21.031405
105.087724,21.031406
105.087713,21.031407
105.087702,21.031407
105.08769,21.031408
105.087679,21.031409
105.087668,21.03141
105.087657,21.031411
105.087645,21.031411
105.087634,21.031412
105.087623,21.031413
105.087612,21.031413
105.0876,21.031414
105.087589,21.031414
105.087578,21.031415
105.087567,21.031416
105.087555,21.031416
105.087544,21.031417
105.087533,21.031417
105.087522,21.031418
105.087511,21.031418
105.087499,21.031419
105.087488,21.031419
105.087477,21.031419
105.087466,21.03142
105.087454,21.03142
105.087443,21.031421
105.087432,21.031421
105.087421,21.031421
105.087409,21.031421
105.087398,21.031422
105.087387,21.031422
105.087376,21.031422
105.087364,21.031422
105.087353,21.031423
105.087342,21.031423
105.087331,21.031423
105.087319,21.031423
105.087308,21.031423
105.087297,21.031423
105.087286,21.031423
105.087275,21.031423
105.087263,21.031423
105.087252,21.031423
105.085483,21.031424
105.085476,21.031424
105.085468,21.031424
105.085461,21.031424
105.085454,21.031424
105.085447,21.031424
105.08544,21.031424
105.085432,21.031424
105.085425,21.031424
105.085418,21.031424
105.085411,21.031424
105.085404,21.031424
105.085397,21.031423
105.085389,21.031423
105.085382,21.031423
105.085375,21.031423
105.085368,21.031423
105.085361,21.031423
105.085353,21.031422
105.085346,21.031422
105.085339,21.031422
105.085332,21.031422
105.085325,21.031421
105.085318,21.031421
105.08531,21.031421
105.085303,21.03142
105.085296,21.03142
105.085289,21.03142
105.085282,21.031419
105.085274,21.031419
105.085267,21.031418
105.08526,21.031418
105.085253,21.031418
105.085246,21.031417
105.085239,21.031417
105.085231,21.031416
105.085224,21.031416
105.085217,21.031415
105.08521,21.031415
105.085203,21.031414
105.085195,21.031414
105.085188,21.031413
105.085181,21.031413
105.085174,21.031412
105.085167,21.031412
105.08516,21.031411
105.085152,21.03141
105.085145,21.03141
105.084589,21.031361
105.08458,21.03136
105.084572,21.03136
105.084564,21.031359
105.084555,21.031358
105.084547,21.031357
105.084538,21.031357
105.08453,21.031356
105.084522,21.031355
105.084513,21.031354
105.084505,21.031354
105.084496,21.031353
105.084488,21.031352
105.08448,21.031351
105.084471,21.031351
105.084463,21.03135
105.084454,21.031349
105.084446,21.031348
105.084437,21.031347
105.084429,21.031347
105.084421,21.031346
105.084412,21.031345
105.084404,21.031344
105.084395,21.031343
105.084387,21.031342
105.084379,21.031342
105.08437,21.031341
105.084362,21.03134
105.084353,21.031339
105.084345,21.031338
105.084336,21.031337
105.084328,21.031337
105.08432,21.031336
105.084311,21.031335
105.084303,21.031334
105.084294,21.031333
105.084286,21.031332
105.084278,21.031331
105.084269,21.03133
105.084261,21.03133
105.084252,21.031329
105.084244,21.031328
105.084235,21.031327
105.084227,21.031326
105.084219,21.031325
105.08421,21.031324
105.084202,21.031323
105.084193,21.031322
105.081138,21.030988
105.081133,21.030988
105.081127,21.030987
105.081121,21.030986
105.081115,21.030986
105.08111,21.030985
105.081104,21.030985
105.081098,21.030984
105.081092,21.030984
105.081087,21.030983
105.081081,21.030982
105.081075,21.030982
105.081069,21.030981
105.081064,21.030981
105.081058,21.03098
105.081052,21.03098
105.081046,21.030979
105.08104,21.030979
105.081035,21.030978
105.081029,21.030978
105.081023,21.030977
105.081017,21.030977
105.081012,21.030977
105.081006,21.030976
105.081,21.030976
105.080994,21.030975
105.080989,21.030975
105.080983,21.030974
105.080977,21.030974
105.080971,21.030974
105.080966,21.030973
105.08096,21.030973
105.080954,21.030973
105.080948,21.030972
105.080943,21.030972
105.080937,21.030972
105.080931,21.030971
105.080925,21.030971
105.080919,21.030971
105.080914,21.03097
105.080908,21.03097
105.080902,21.03097
105.080896,21.03097
105.080891,21.030969
105.080885,21.030969
105.080879,21.030969
105.080873,21.030969
105.080868,21.030968
105.079789,21.030926
105.079771,21.030926
105.079752,21.030925
105.079734,21.030925
105.079715,21.030924
105.079697,21.030924
105.079678,21.030923
105.07966,21.030923
105.079641,21.030922
105.079623,21.030922
105.079605,21.030922
105.079586,21.030922
105.079568,21.030922
105.079549,21.030922
105.079531,21.030922
105.079512,21.030922
105.079494,21.030922
105.079476,21.030922
105.079457,21.030922
105.079439,21.030923
105.07942,21.030923
105.079402,21.030923
105.079383,21.030924
105.079365,21.030924
105.079347,21.030925
105.079328,21.030925
105.07931,21.030926
105.079291,21.030927
105.079273,21.030927
105.079254,21.030928
105.079236,21.030929
105.079218,21.03093
105.079199,21.030931
105.079181,21.030932
105.079162,21.030933
105.079144,21.030934
105.079125,21.030935
105.079107,21.030936
105.079088,21.030938
105.07907,21.030939
105.079052,21.030941
105.079033,21.030942
105.079015,21.030943
105.078996,21.030945
105.078978,21.030947
105.078959,21.030948
105.078941,21.03095
105.078923,21.030952
105.073136,21.031513
105.073123,21.031514
105.073109,21.031516
105.073096,21.031517
105.073083,21.031518
105.07307,21.031519
105.073057,21.03152
105.073044,21.031521
105.07303,21.031522
105.073017,21.031523
105.073004,21.031524
105.072991,21.031525
105.072978,21.031526
105.072965,21.031527
105.072951,21.031528
105.072938,21.031529
105.072925,21.03153
105.072912,21.031531
105.072899,21.031532
105.072886,21.031532
105.072873,21.031533
105.072859,21.031534
105.072846,21.031535
105.072833,21.031535
105.07282,21.031536
105.072807,21.031537
105.072794,21.031537
105.07278,21.031538
105.072767,21.031538
105.072754,21.031539
105.072741,21.031539
105.072728,21.03154
105.072715,21.03154
105.072701,21.03154
105.072688,21.031541
105.072675,21.031541
105.072662,21.031541
105.072649,21.031542
105.072636,21.031542
105.072623,21.031542
105.072609,21.031542
105.072596,21.031543
105.072583,21.031543
105.07257,21.031543
105.072557,21.031543
105.072544,21.031543
105.07253,21.031543
105.072517,21.031543
105.070984,21.031544
105.070975,21.031544
105.070967,21.031544
105.070958,21.031544
105.07095,21.031544
105.070942,21.031544
105.070933,21.031544
105.070925,21.031544
105.070917,21.031544
105.070908,21.031544
105.0709,21.031545
105.070891,21.031545
105.070883,21.031545
105.070875,21.031545
105.070866,21.031545
105.070858,21.031545
105.07085,21.031546
105.070841,21.031546
105.070833,21.031546
105.070824,21.031546
105.070816,21.031547
105.070808,21.031547
105.070799,21.031547
105.070791,21.031548
105.070783,21.031548
105.070774,21.031548
105.070766,21.031549
105.070757,21.031549
105.070749,21.031549
105.070741,21.03155
105.070732,21.03155
105.070724,21.031551
105.070716,21.031551
105.070707,21.031551
105.070699,21.031552
105.07069,21.031552
105.070682,21.031553
105.070674,21.031553
105.070665,21.031554
105.070657,21.031554
105.070649,21.031555
105.07064,21.031555
105.070632,21.031556
105.070623,21.031557
105.070615,21.031557
105.070607,21.031558
105.070598,21.031558
105.07059,21.031559
105.069877,21.031614
105.069869,21.031615
105.069862,21.031616
105.069854,21.031616
105.069847,21.031617
105.06984,21.031617
105.069832,21.031618
105.069825,21.031619
105.069817,21.031619
105.06981,21.03162
105.069803,21.031621
105.069795,21.031621
105.069788,21.031622
105.06978,21.031623
105.069773,21.031623
105.069765,21.031624
105.069758,21.031625
105.069751,21.031625
105.069743,21.031626
105.069736,21.031627
105.069728,21.031628
105.069721,21.031628
105.069714,21.031629
105.069706,21.03163
105.069699,21.031631
105.069691,21.031631
105.069684,21.031632
105.069677,21.031633
105.069669,21.031634
105.069662,21.031635
105.069654,21.031635
105.069647,21.031636
105.06964,21.031637
105.069632,21.031638
105.069625,21.031639
105.069617,21.03164
105.06961,21.031641
105.069603,21.031641
105.069595,21.031642
105.069588,21.031643
105.06958,21.031644
105.069573,21.031645
105.069566,21.031646
105.069558,21.031647
105.069551,21.031648
105.069543,21.031649
105.069536,21.03165
105.069529,21.031651
105.069052,21.031714
105.069052,21.031941
