105.107118,21.030841
105.106248,21.030865
105.105471,21.030866
105.105195,21.030919
105.105147,21.030919
105.103939,21.030983
105.102871,21.030972
105.102554,21.030889
105.100783,21.030919
105.100203,21.031092
105.099462,21.03106
105.098705,21.030963
105.097191,21.031148
105.097057,21.031164
105.096905,21.031177
105.096737,21.031189
105.096471,21.031202
105.096405,21.031201
105.096269,21.031199
105.096121,21.031192
105.095963,21.031153
105.095769,21.031057
105.095558,21.030991
105.095255,21.030964
105.095157,21.030973
105.093468,21.031079
105.092607,21.030995
105.092423,21.03095
105.092079,21.030887
105.091821,21.030853
105.091524,21.030853
105.090871,21.0311
105.090529,21.031081
105.090447,21.031063
105.090337,21.031038
105.090266,21.031023
105.090144,21.030991
105.090009,21.030981
105.089597,21.031055
105.089434,21.031076
105.08922,21.031114
105.089053,21.031114
105.088884,21.031147
105.088831,21.031158
105.088735,21.031158
105.088164,21.031139
105.087866,21.031107
105.08761,21.031085
105.08738,21.031049
105.087076,21.031042
105.08698,21.031042
105.086668,21.031055
105.086466,21.031062
105.086345,21.031068
105.086249,21.031068
105.085995,21.031068
105.085899,21.031068
105.085676,21.03111
105.08558,21.031111
105.085191,21.031076
105.084891,21.031043
105.084563,21.031004
105.084498,21.031005
105.08389,21.031005
105.083578,21.031021
105.083119,21.031061
105.082685,21.031081
105.082294,21.031062
105.080653,21.031061
105.079601,21.031063
105.079553,21.031063
105.079445,21.031057
105.079225,21.031052
105.078975,21.031045
105.078879,21.031045
105.078819,21.031044
105.078766,21.03108
105.078685,21.031108
105.078542,21.031138
105.078438,21.031151
105.078282,21.031151
105.078142,21.031133
105.078006,21.031085
105.077954,21.031047
105.077939,21.031047
105.07784,21.03108
105.077925,21.031093
105.077868,21.031106
105.077913,21.031118
105.077859,21.031125
105.077907,21.031161
105.077853,21.031179
105.077908,21.031192
105.077863,21.031213
105.077825,21.031244
105.077743,21.031255
105.077614,21.031264
105.077366,21.031255
105.077259,21.031237
105.077164,21.031228
105.077072,21.031209
105.07686,21.031156
105.076796,21.031122
105.076685,21.031125
105.076245,21.031119
105.074806,21.031078
105.072933,21.030844
105.072823,21.030851
105.072933,21.030875
105.072831,21.030887
105.072933,21.03091
105.07231,21.030918
105.071677,21.030933
105.071602,21.030939
105.071669,21.030944
105.071604,21.030952
105.071662,21.03096
105.071677,21.03097
105.071774,21.030969
105.07231,21.030947
105.072933,21.030965
105.072824,21.030987
105.072933,21.031007
105.072831,21.031023
105.072933,21.031037
105.072862,21.031058
105.072933,21.031072
105.072871,21.03108
105.072933,21.031091
105.07231,21.03111
105.072214,21.03111
105.071774,21.031118
105.071677,21.031118
105.071574,21.031139
105.071478,21.031139
105.071247,21.031102
105.071151,21.031102
105.070199,21.031077
105.070422,21.031047
105.070201,21.031018
105.070417,21.031018
105.070201,21.030975
105.070417,21.030975
105.0702,21.030942
105.069327,21.030956
105.069231,21.030956
105.069005,21.030965
105.068779,21.030973
105.06817,21.031124
105.067418,21.03122
105.066619,21.031148
105.066126,21.031132
105.066126,21.031966
105.066902,21.031966
105.068171,21.031668
105.068453,21.031565
105.06856,21.031492
105.068716,21.031416
105.068888,21.031361
105.069135,21.031324
105.069231,21.031321
105.069327,21.031321
105.069489,21.031337
105.069761,21.031378
105.07016,21.031427
105.070515,21.031447
105.070765,21.03146
105.071247,21.031507
105.071575,21.031663
105.071774,21.031674
105.07231,21.031645
105.072696,21.03161
105.072817,21.03158
105.072897,21.031588
105.07298,21.031664
105.072999,21.031692
105.073023,21.031704
105.07308,21.031734
105.073105,21.031745
105.073122,21.031749
105.073136,21.03175
105.073178,21.031714
105.073433,21.031638
105.073723,21.031588
105.073725,21.031588
105.074191,21.031512
105.07442,21.031477
105.074661,21.031446
105.07471,21.03143
105.074806,21.031421
105.076245,21.031355
105.076328,21.031356
105.076384,21.031363
105.076413,21.03137
105.076443,21.031385
105.076463,21.031401
105.076486,21.031429
105.076564,21.031538
105.076599,21.031577
105.076618,21.031593
105.076647,21.031612
105.076674,21.031626
105.076694,21.031632
105.076721,21.031636
105.076835,21.031656
105.076931,21.031675
105.077076,21.031697
105.077154,21.031706
105.077205,21.03171
105.07724,21.031712
105.077288,21.031714
105.077393,21.031714
105.077635,21.031718
105.077696,21.031716
105.077756,21.031679
105.077829,21.03165
105.077942,21.031614
105.07805,21.031625
105.078196,21.031657
105.078314,21.031707
105.078399,21.031727
105.078507,21.031741
105.078724,21.031722
105.078811,21.031694
105.078975,21.0317
105.079225,21.031712
105.079555,21.031726
105.079578,21.031724
105.079587,21.031727
105.079752,21.031769
105.079845,21.031724
105.079875,21.031711
105.079959,21.031692
105.080066,21.031666
105.080626,21.0316
105.081183,21.031553
105.08228,21.031589
105.083602,21.031472
105.085629,21.031797
105.085869,21.031832
105.085987,21.031864
105.086345,21.031848
105.086376,21.031851
105.08644,21.031864
105.086501,21.031878
105.086553,21.03189
105.086629,21.031902
105.086642,21.031904
105.086652,21.031905
105.086685,21.031907
105.086716,21.031908
105.086798,21.031916
105.086869,21.031922
105.086977,21.031925
105.087037,21.031931
105.087077,21.031932
105.087119,21.031929
105.087166,21.031927
105.087219,21.031923
105.087266,21.03192
105.087295,21.031919
105.087327,21.031919
105.087367,21.031919
105.087436,21.031918
105.087507,21.031918
105.087535,21.031913
105.08756,21.031903
105.087574,21.031896
105.08759,21.031885
105.087606,21.031865
105.087618,21.031843
105.087626,21.031813
105.087617,21.031782
105.087604,21.031763
105.087582,21.03175
105.087557,21.031737
105.087529,21.031728
105.08751,21.031721
105.087487,21.031713
105.087417,21.031708
105.087338,21.031699
105.087206,21.03165
105.087125,21.031611
105.087045,21.031599
105.086976,21.031589
105.086916,21.031584
105.086808,21.031571
105.086728,21.031557
105.086684,21.031546
105.086642,21.031523
105.086589,21.031494
105.086559,21.031481
105.086609,21.031486
105.086762,21.031503
105.086856,21.031511
105.086963,21.031517
105.086976,21.031517
105.087124,21.031509
105.0872,21.031505
105.087284,21.031501
105.087346,21.031497
105.08739,21.031496
105.087436,21.031497
105.087477,21.031501
105.087496,21.031509
105.087516,21.031519
105.087538,21.031535
105.087574,21.03156
105.087615,21.031577
105.087632,21.031581
105.087649,21.031585
105.087668,21.031586
105.087687,21.031585
105.087736,21.031584
105.087826,21.031578
105.087942,21.031574
105.088048,21.031573
105.088097,21.031573
105.08813,21.031574
105.088166,21.031576
105.088736,21.031638
105.088832,21.031638
105.090009,21.031429
105.090105,21.031429
105.090564,21.031461
105.090842,21.031491
105.090994,21.031497
105.091223,21.031516
105.091525,21.03155
105.091822,21.031579
105.093057,21.031554
105.093275,21.031595
105.093413,21.031634
105.093479,21.031641
105.093562,21.031633
105.093674,21.03161
105.094045,21.031538
105.094086,21.031535
105.094154,21.031531
105.094198,21.031529
105.094234,21.031527
105.09428,21.031524
105.094318,21.031524
105.094359,21.03153
105.094457,21.031547
105.094485,21.031551
105.094511,21.031556
105.094547,21.031563
105.094571,21.031566
105.094611,21.031574
105.094658,21.031582
105.094827,21.03159
105.094917,21.031594
105.094967,21.031596
105.095007,21.031598
105.095085,21.031602
105.09515,21.031603
105.095189,21.031602
105.095266,21.0316
105.095438,21.031588
105.095482,21.031585
105.095745,21.031611
105.095862,21.031584
105.095952,21.031554
105.096672,21.031508
105.096736,21.031508
105.097286,21.031474
105.098802,21.031429
105.099559,21.031574
105.100299,21.031562
105.10033,21.031559
105.100376,21.031556
105.100459,21.03156
105.100499,21.03156
105.100544,21.031563
105.100599,21.031567
105.100603,21.031567
105.100637,21.031564
105.10067,21.031559
105.100714,21.031548
105.100757,21.031533
105.100782,21.031524
105.100805,21.031516
105.100847,21.03151
105.100872,21.031507
105.100895,21.031505
105.101162,21.031511
105.101254,21.031517
105.101316,21.031524
105.101375,21.03153
105.101387,21.031531
105.101396,21.031531
105.101404,21.03153
105.101441,21.031528
105.101462,21.031526
105.101485,21.031525
105.101524,21.031522
105.101539,21.031522
105.101549,21.031521
105.101615,21.031521
105.101912,21.031527
105.10265,21.031471
105.102968,21.031478
105.103057,21.031529
105.104036,21.031464
105.104347,21.031448
105.104448,21.031447
105.104523,21.031451
105.104607,21.031461
105.104701,21.031478
105.10476,21.031481
105.104809,21.031476
105.104852,21.031467
105.104924,21.031449
105.104985,21.031435
105.105085,21.031414
105.105132,21.031409
105.105164,21.031404
105.105998,21.031374
105.106785,21.031376
105.107119,21.031356
105.107118,21.030841
