105.107131,21.030547
105.106706,21.030546
105.10619,21.030561
105.105681,21.030574
105.105219,21.03059
105.104035,21.030703
105.102967,21.030781
105.10265,21.030846
105.100879,21.030702
105.100299,21.030796
105.099558,21.03085
105.098801,21.030753
105.097286,21.030877
105.096699,21.030762
105.095234,21.030915
105.093564,21.030869
105.091821,21.030589
105.091223,21.030824
105.091132,21.030853
105.091038,21.030884
105.090997,21.030897
105.090893,21.030924
105.090796,21.030943
105.090761,21.030949
105.090724,21.030956
105.090697,21.030959
105.090644,21.030961
105.090105,21.030959
105.088831,21.030995
105.087076,21.030933
105.086345,21.030977
105.085995,21.030978
105.084563,21.031004
105.08389,21.031005
105.083578,21.031021
105.083119,21.031061
105.082685,21.031081
105.082294,21.031062
105.080653,21.031061
105.079601,21.031063
105.079553,21.031063
105.079445,21.031057
105.079225,21.031052
105.078975,21.031045
105.078879,21.031045
105.078819,21.031044
105.078729,21.031041
105.078605,21.031039
105.078492,21.03104
105.078387,21.031041
105.078262,21.031042
105.078171,21.031048
105.077954,21.031047
105.077939,21.031047
105.077743,21.031046
105.077252,21.03108
105.076981,21.031118
105.076796,21.031122
105.076685,21.031125
105.076245,21.031119
105.074806,21.031078
105.072933,21.030844
105.07231,21.030767
105.071773,21.030764
105.071574,21.030741
105.071247,21.030813
105.06923,21.030884
105.06817,21.03074
105.067651,21.030658
105.067111,21.030658
105.066425,21.030738
105.066125,21.030738
105.066125,21.03027
105.066321,21.03027
105.066965,21.03027
105.067868,21.03027
105.06817,21.030314
105.069187,21.030512
105.069372,21.030525
105.071246,21.030426
105.071574,21.030633
105.071773,21.03063
105.074806,21.030446
105.076245,21.031026
105.077393,21.030681
105.078212,21.030265
105.078817,21.030265
105.079601,21.03064
105.080653,21.030635
105.082307,21.030625
105.083605,21.030371
105.086344,21.030526
105.087076,21.030518
105.088831,21.030897
105.090105,21.030309
105.090871,21.030572
105.091821,21.030278
105.093564,21.030774
105.095234,21.030525
105.096699,21.0303
105.097286,21.030592
105.098801,21.030594
105.099557,21.030384
105.100299,21.030579
105.100879,21.030258
105.10265,21.030503
105.102967,21.030488
105.104035,21.030495
105.105243,21.030499
105.107131,21.030403
105.107132,21.030547
