105.069231,21.030956,blue,GU3a
105.069231,21.030956
105.068779,21.030973
105.068779,21.030973
105.068597,21.030945
105.068777,21.030903
105.068611,21.030848
105.068724,21.030812
105.069247,21.030887
105.071247,21.030813
105.071574,21.030741
105.071773,21.030764
105.07231,21.030767
105.072933,21.030844
105.072823,21.030851
105.072933,21.030875
105.072831,21.030887
105.072933,21.03091
105.07231,21.030918
105.071677,21.030933
105.071602,21.030939
105.071669,21.030944
105.071604,21.030952
105.071662,21.03096
105.071662,21.03096
105.071677,21.03097
105.071774,21.030969
105.07231,21.030947
105.072933,21.030965
105.072824,21.030987
105.072933,21.031007
105.072831,21.031023
105.072933,21.031037
105.07231,21.031038
105.071774,21.03102
105.071574,21.030965
105.071247,21.030925
105.069327,21.030956
105.069231,21.030956
